Timestamp,Fx,Fy,Fz,Force Magnitude
11.443101406097412,-0.09297433853149406,-0.1142873954772945,0.01637021064758315,0.14823569133983427
11.474199056625366,0.04910596847534188,-0.05213644027709918,-0.007153120040893413,0.07197757755709921
11.504987239837646,0.015147533416748127,0.03841684341430707,-0.008096303939819194,0.04208148956509051
11.53638219833374,-0.07662454605102531,0.04620264053344769,0.014094743728637837,0.09057961608753184
11.56668758392334,-0.006765995025634686,-0.015067119598388246,0.03446665763854995,0.03821972357895936
11.596972703933716,-0.029471073150634686,-0.06506635665893512,0.03557005882263198,0.0797960149767099
11.628840923309326,-0.07840600967407219,0.38918016433715863,-0.13309153556823716,0.41871477106309474
11.659759044647217,0.15507635116577156,-0.20357419967651325,-0.009537305831909038,0.25609000306016233
11.69101095199585,0.05604108810424813,-0.31773855209350543,-0.04824503898620591,0.3262299416503119
11.721779584884644,-0.018738422393798748,0.06846330642700238,-0.02643212318420396,0.07574305206915666
11.75321340560913,-0.12527910232543937,0.016554813385010192,0.014807138442993306,0.12723272642897498
11.783740758895874,0.08673414230346688,-0.107924480438232,-0.02801760673522935,0.14126390623988255
11.814208745956421,-0.19768014907836906,-0.000905055999755433,-0.024206724166869975,0.19915879584115745
11.84698486328125,-0.028908405303954998,0.015679340362549254,0.07572928428649917,0.08256186837740416
11.877056121826172,-0.015206012725829998,0.031022052764893004,-0.0689330959320067,0.0771061754695248
11.907871961593628,-0.06295839309692375,0.09787271499633832,0.033744726181030416,0.12116738070592252
11.939047574996948,-0.03982225418090812,0.06041238784790082,-0.028079118728637553,0.07761382249387652
11.97001600265503,0.02583059310913094,-0.042944927215575746,0.03421822547912612,0.06068256148895576
12.000790119171143,-0.12931505203247062,-0.025052089691161683,0.03737250328063979,0.13691856660627158
12.032814264297485,-0.02807870864868156,0.09401605606079144,-0.049783315658569194,0.11002641135002161
12.06312108039856,0.0838082695007325,-0.09003927230834918,-0.008079137802123881,0.12327274257576236
12.094387531280518,0.043938961029052814,0.002856235504150817,0.012857828140258931,0.045870623737335726
12.12549114227295,-0.07590929031372062,0.02543352127075238,-0.04804619789123521,0.09336766834384518
12.156463146209717,0.028247203826904377,0.009345035552978942,-0.028608884811401225,0.041275931287823725
12.187313556671143,0.07356008529663094,-0.03807928085327106,-0.028407182693481303,0.08756760706865717
12.219250202178955,-0.014975223541259686,0.06764696121215863,-0.007439699172973491,0.06968298074231853
12.249325275421143,-0.05613771438598625,-0.02665235519409137,0.03446904182434096,0.07106268963501694
12.280319690704346,-0.05649248123168937,0.03384683609008832,0.014553937911987447,0.06744498393333685
12.310791730880737,0.018275585174560627,-0.04732992172241168,-0.006528463363647319,0.05115407449668817
12.341957092285156,0.0022977256774903143,0.029700260162353942,-0.028999414443969584,0.04157344146319401
12.373315334320068,0.043967571258545,-0.03530599594116168,-0.09043749809265123,0.1065767410509012
12.404028177261353,-0.04396310806274406,0.008616428375244567,0.014462385177612447,0.04707609046541414
12.435280799865723,0.016333904266357502,0.06167123794555707,0.01202145576477065,0.06492036211408857
12.466174840927124,0.014224376678466877,0.06898782730102582,-0.05016097068786607,0.08647413594801648
12.496895551681519,-0.03158060073852531,-0.057753582000731996,-0.026608076095580913,0.07099859358064528
12.52798080444336,-0.03866258621215812,-0.020827312469481996,-0.04795178413391099,0.06502265850408762
12.55972146987915,0.10217603683471688,0.04065225601196332,-0.07167538642883287,0.13126274963535597
12.590583324432373,-0.06983629226684562,-0.1828165245056148,-0.025168504714965678,0.19731305830957968
12.620799779891968,0.05105146408081063,0.07042215347290082,0.07418814659118667,0.11432153243895261
12.65195608139038,-0.016861591339111248,-0.011094112396239808,-0.007300462722778178,0.02146367508872297
12.683098554611206,-0.042723331451415936,0.009291629791260192,0.014665994644165181,0.04611625346218036
12.713484764099121,0.005008068084716877,-0.019621868133544496,-0.09052905082702623,0.09276641363464294
12.745045185089111,-0.08620897293090812,-0.020003337860106996,0.015215787887573384,0.08979777692341423
12.776723861694336,0.12906202316284188,-0.08652212142944293,-0.07111224174499498,0.17088017510974116
12.805769920349121,0.02654775619506844,-0.06371023178100543,-0.027927007675170756,0.07445599203738593
12.837663173675537,-0.01334634780883781,-0.10366346359252887,0.03616419792175307,0.11059876986276908
12.86858606338501,-0.15397516250610344,-0.05766393661498981,0.03756133079528823,0.1686544805981495
12.899617433547974,0.019542064666748127,0.05512903213501019,-0.029193487167358256,0.06537095814329986
12.930665731430054,-0.04167428970336906,0.001574497222900817,-0.04853161811828599,0.06398861946443601
12.961286306381226,-0.08163896560668937,-0.00031187057495074555,-0.06819781303405748,0.10637649961910756
12.992272138595581,-0.10324350357055656,0.06203744888305707,-0.006920423507690288,0.12064724760626426
13.02445101737976,-0.03523698806762687,0.05173776626586957,-0.02834853172302232,0.06871739981337356
13.055322885513306,0.017096843719482502,-0.10164739608764606,-0.006357278823852397,0.10327105204563093
13.086654901504517,0.006951656341552814,0.13400743484497113,-0.029476728439330913,0.13738702864210395
13.117425680160522,0.015097942352295002,0.060997943878174254,0.011817369461059712,0.0639401848731868
13.148410081863403,-0.04369607925415031,0.06243799209594769,-0.0074921512603758345,0.07657664480549511
13.179604530334473,0.0013783836364746893,0.06297204971313519,-0.008208360671996928,0.06351973056810346
13.211077213287354,0.06034788131713875,-0.055464763641356996,0.012460145950317525,0.08290634488603557
13.241390466690063,0.009356822967529377,-0.14008237838745075,0.035498056411743306,0.14481275800060547
13.273076295852661,-0.02890268325805656,-0.07161809921264606,-0.04770621299743638,0.090776648940709
13.303942918777466,-0.043905887603759686,-0.04503156661987262,0.01483813285827651,0.06461995934101065
13.334850549697876,-0.07130685806274406,0.03234003067016644,0.035066041946411275,0.08579144997209867
13.365267038345337,-0.050459537506103436,-0.03184988021850543,-0.006337728500366069,0.060006221325853835
13.395601749420166,-0.11382928848266594,-0.05280591964721637,-0.0050850772857664595,0.12558435442864876
13.427177667617798,0.03414854049682625,-0.08190633773803668,-0.007093992233276225,0.08902300660799149
13.458692073822021,0.07587751388549813,0.09043596267700238,-0.0716954135894774,0.13811695329874007
13.490145206451416,0.014933910369873127,-0.06905271530151325,0.014230165481567525,0.07206800107592858
13.518710374832153,-0.05146852493286125,-0.1693887901306148,0.0377711391448976,0.1810199719174137
13.551274538040161,0.008384075164795002,-0.05586721420288043,-0.006941881179809428,0.056917730572063834
13.582083940505981,-0.01849618911743156,0.04024217605590863,0.012780103683471822,0.04609634254192874
13.613175392150879,-0.014393482208251873,0.02132890701293988,-0.027177419662475444,0.037426016939506215
13.644247055053711,-0.13880983352661125,0.04578874588012738,-0.02739485740661607,0.14871199462480905
13.67505955696106,-0.03776994705200187,0.10674570083618207,0.03372374534606948,0.1181461152450018
13.705891847610474,0.011779155731201252,-0.08779241561889606,-0.02732476234436021,0.09269789311045123
13.737214803695679,0.09510168075561531,-0.11323644638061481,0.05448046684265151,0.1575910649080273
13.768462419509888,-0.042456302642822186,0.06311319351196332,-0.007289018630981303,0.07641297417310905
13.798439502716064,-0.07526842117309562,-0.016476650238036683,0.015290651321411275,0.07855328921687545
13.829541683197021,0.058419551849365314,-0.04246046066284137,-0.049174871444702006,0.08737220805029682
13.86060881614685,0.02923330307006844,0.04510782241821332,-0.0498457813262938,0.07330691350567312
13.891372442245483,0.031342830657959064,-0.180892009735107,-0.067027654647827,0.19544052473130516
13.923714876174927,-0.05959573745727531,-0.03854658126831012,-0.02662905693054185,0.07580631585534917
13.954241037368774,-0.030029926300048748,0.11681459426879925,0.07501355171203627,0.14203689256043617
13.984827756881714,-0.01968637466430656,0.01698778152465863,-0.007337656021118022,0.02701812844068282
14.01557970046997,-0.017164859771728436,-0.006951351165771058,-0.08969506263732896,0.09158688746500415
14.046063423156738,0.049798336029052814,0.05416582107543988,-0.009397592544555522,0.07417631151299256
14.077255487442017,-0.08055177688598625,0.10187433242797894,0.034309301376342916,0.13432831618117155
14.108343601226807,-0.032126102447509686,-0.12291433334350543,0.016614828109741353,0.12812522122073589
14.139243364334106,-0.10093179702758781,-0.06937124252319293,-0.06695183753967271,0.13957845639771405
14.171817541122437,0.020516719818115314,-0.02908613204956012,0.013246450424194478,0.037979037883286826
14.202502012252808,0.007897701263427814,-0.05469991683959918,-0.027023401260375834,0.06152006829632667
14.23335337638855,-0.06440797805786125,-0.010270137786864808,0.0558671092987062,0.08587780428642029
14.263943672180176,-0.01626077651977531,0.08955286026001019,0.012269887924194478,0.0918405018684419
14.295199871063232,0.006013240814209064,0.03172204971313519,-0.028388109207153178,0.04299223473430458
14.326343536376953,-0.050429019927978436,0.07264421463012738,0.033653173446655416,0.09461925836295236
14.35694146156311,0.014148082733154377,-0.012925167083739808,-0.07023819923400865,0.07280544499419714
14.388227224349976,0.015117015838623127,-0.0660696220397945,-0.04808291435241685,0.08310045593718687
14.419432401657104,-0.0607534980773925,0.04268930435180707,-0.0067559146881102095,0.07455874608625047
14.450883150100708,0.07119115829467781,-0.11565305709838825,-0.0483494663238524,0.1441578354767519
14.480637073516846,0.03207143783569344,0.03260705947876019,0.03357020378112807,0.05673408177283404
14.511648654937744,0.0037206077575684393,0.03605936050415082,-0.028253164291381694,0.04596043618733177
14.5437593460083,-0.02289834976196281,0.05189226150512738,-0.049267854690551616,0.07512963950230972
14.573552131652832,-0.006487522125244061,-0.003720302581786683,0.013194475173950337,0.015166501565673333
14.605559825897217,0.00977071762084969,-0.01404859542846637,0.03424111366271987,0.03827902586537973
14.636061191558838,0.016824092864990314,0.006983737945557067,-0.04876526832580552,0.05205645100570959
14.66694974899292,-0.053717288970947186,0.02834032058715863,0.03449765205383315,0.06984847101117182
14.698549747467041,-0.12826219558715812,-0.030058879852294496,0.037034425735473775,0.13684398329619538
14.728768825531006,-0.03956857681274406,0.025328617095947692,-0.006634798049926616,0.04744714596414067
14.759007453918457,0.012505855560302814,0.06947992324829144,-0.07044705390930162,0.09973286099568024
14.791241884231567,0.04347166061401375,-0.06952573776245075,0.013739976882934712,0.08314084707709349
14.82181453704834,-0.10108057022094719,0.03213975906372113,0.03535214424133315,0.11180348783166787
14.85288119316101,-0.04488626480102531,0.03918359756469769,-0.027606096267700053,0.06566755391394953
14.884030818939209,0.008277263641357502,0.023066501617432067,0.07544795036315932,0.0793282408998037
14.913682699203491,-0.013516101837158123,-0.02044202804565387,-0.007770147323608256,0.025708689366093815
14.945198774337769,0.015014019012451252,0.010155658721924254,-0.02854880332946763,0.03381704219069234
14.976736545562744,-0.018934879302978436,0.06964586257934613,-0.009206857681274272,0.07275879367473574
15.008094310760498,0.03001913070678719,-0.013726253509521058,-0.02823266029357896,0.04343548492939204
15.039052248001099,-0.004089984893798748,-0.08428670883178668,-0.006475057601928569,0.08463393901428777
15.069698810577393,-0.002579364776611248,0.014155368804932067,-0.02798422813415513,0.031466563411324505
15.100507736206055,0.09222730636596688,0.08846757888793988,-0.009608354568481303,0.1281589209978355
15.117135286331177,0.05626996994018563,-0.04092885971069293,-0.00830325126647935,0.07007442511987715
15.163449048995972,-0.003578815460204998,-0.03448202133178668,-0.02726992607116685,0.04410744362520797
15.194319725036621,-0.020125064849853436,0.04639146804809613,-0.02932080268859849,0.05845422151711589
15.224693536758423,-0.017964038848876873,0.016497592926025817,0.012947950363159322,0.0276138856867999
15.256646156311035,-0.05954423904418937,-0.06112005233764606,-0.04653891563415513,0.09719592516927429
15.287713766098022,-0.050942096710205,-0.030682582855224183,-0.02641543388366685,0.06507144731110528
15.318385601043701,0.033356990814209064,0.007998447418213317,-0.0489912891387938,0.05980644119793491
15.349589586257935,0.061662044525146564,0.027121524810791442,0.032741937637329244,0.0748987271142193
15.379868745803833,-0.045111331939697186,0.058785419464111754,0.05462065696716323,0.09205527675516287
15.412273406982422,0.07090314865112313,-0.04240705490112262,0.0334986782073976,0.08915030137735298
15.442006349563599,0.03643545150756844,-0.05517293930053668,-0.027513589859008647,0.07161419541229812
15.473469257354736,0.12429365158081063,0.08162591934204144,-0.07288846015930162,0.16560323111618175
15.504430532455444,0.04807600021362313,0.05465600967407269,-0.029683198928832866,0.07861089929953277
15.535772800445557,-0.06268945693969719,-0.06428625106811481,-0.0047112369537352095,0.08991599324603539
15.56662130355835,0.04682668685913094,0.04110620498657269,-0.050413694381713725,0.08014985509540284
15.597005367279053,0.04064687728881844,-0.04144002914428668,0.013706598281860494,0.059643235033588635
15.628580331802368,-0.06298891067504875,-0.0066213798522944955,-0.006245698928832866,0.06364317947971539
15.659286260604858,-0.058851871490478436,0.045182209014893004,-0.04878291130065904,0.08879609915061153
15.689865112304688,-0.025000247955322186,0.030846576690674254,-0.028305139541625834,0.048761712601508876
15.72084355354309,-0.042906436920165936,0.0036058235168461295,0.014123830795288228,0.04531497422213491
15.751845598220825,0.08383306503295906,0.04551980972290082,0.011622343063354634,0.09609950430835608
15.783081293106079,-0.07094446182250969,0.03829858779907269,-0.0895639324188231,0.1205055869286247
15.813569784164429,-0.05035081863403312,-0.10536672592163043,0.036987218856811666,0.12249655598147635
15.844853401184082,0.03423055648803719,6.656646728941951e-06,0.012983236312866353,0.036610045983956126
15.875617027282715,0.029099788665771564,0.016840915679932067,-0.07029732704162583,0.0779238623948303
15.90712022781372,0.0016320610046387518,0.027888278961182067,0.01323596000671401,0.030912948158318798
15.937967300415039,-0.00783792495727531,-0.025633831024169496,-0.048576440811157084,0.05548150108361706
15.968723773956299,-0.02394357681274406,0.028540592193603942,0.034211549758911275,0.050579545374151436
15.999589681625366,-0.005297336578369061,0.019534091949463317,0.03331223487854018,0.038978808546666015
16.029974222183228,0.056214656829834064,0.01271532058715863,-0.008678045272827006,0.058284436086209715
16.061540603637695,-0.07241312026977531,0.05722711563110394,-0.007541265487670756,0.09260385216510282
16.078078746795654,-0.053717288970947186,0.02834032058715863,0.03449765205383315,0.06984847101117182
16.124021530151367,0.026984539031982502,-0.09311391830444293,-0.005943861007690288,0.09712721870028916
16.155521869659424,0.035134639739990314,-0.04614545822143512,-0.0283304119110106,0.06454810967931324
16.18589973449707,0.07309278488159188,0.03219125747680707,0.1157573795318605,0.14063642193887027
16.21726393699646,-0.09869638442993156,-0.02006055831909137,-0.06746157646179185,0.12122073501808464
16.24831461906433,-0.02631631851196281,-0.04903127670288043,0.014269266128540181,0.05744759934918609
16.28022050857544,0.004994716644287189,-0.10852720260620075,-0.047137823104858256,0.11842751060015141
16.310394048690796,0.03921445846557625,-0.06067754745483356,-0.007566537857055522,0.07264152402740623
16.341150522232056,0.03101858139038094,0.03491113662719769,-0.02894696235656724,0.05494421244996667
16.373157024383545,-0.14455286026000969,-0.12421705245971637,-0.023998823165893413,0.19209723851340924
16.403730630874634,0.005210247039795002,0.0016488838195805045,-0.006604280471801616,0.008572164990035314
16.43425679206848,-0.05862871170043937,-0.09439947128295856,-0.06732949256896958,0.12993016040839128
16.465140342712402,0.02438863754272469,-0.031111736297606996,-0.0073395633697508345,0.040207150696124
16.496228218078613,-0.07578912734985344,-0.03791524887084918,-0.04705866813659654,0.09693335941862873
16.52722430229187,-0.030663166046142498,-0.09102537155151325,-0.04739912986755357,0.1071098759697982
16.558236598968506,-0.05136552810668937,0.014306049346924254,0.03497973442077651,0.06377038768694906
16.588438510894775,-0.004069004058837811,0.05127618789672894,0.01322690010070815,0.05311078163165746
16.620092630386353,-0.002262744903564373,0.04539773941040082,-0.06984480857849107,0.08333289892617037
16.651087760925293,-0.012390766143798748,0.08752725601196332,-0.008320417404174663,0.08879065815948077
16.681981086730957,-0.047033939361572186,0.04071519851684613,0.013270292282104634,0.06360832885233446
16.71300506591797,-0.040434513092040936,0.0022477912902836295,-0.04832753181457505,0.06305198447284485
16.74446702003479,0.01994832992553719,-0.025242824554442933,0.033667001724243306,0.04656826240482536
16.77492380142212,0.07349714279174813,-0.10441305160522418,0.03489771842956557,0.13236980809706972
16.806406259536743,-0.03303209304809562,-0.003441829681396058,-0.06884535789489732,0.07643722042545953
16.836782455444336,-0.09925714492797844,-0.047286052703856996,-0.026756372451782084,0.11315412085445294
16.867795944213867,0.053445186614990314,-0.01285078048706012,-0.008340444564819194,0.05559760378808215
16.898486375808716,0.03915723800659188,-0.0070295524597163705,-0.007941808700561381,0.04056816758894959
16.9292151927948,-0.016159687042236248,0.013327579498291442,-0.007268514633178569,0.02217185525748866
16.960557460784912,0.10939535140991219,0.03198717117309613,-0.02987917900085435,0.11782736255861889
16.991715908050537,-0.10967508316040031,-0.0014372062683101205,0.01644793510437026,0.11091088313279256
17.02262234687805,-1.0573774909973144,0.01582048416137738,0.0896200275421144,1.0612865755881045
17.053698539733887,-4.383898410797119,2.0141935157775883,-0.39639624595642076,4.840730397264274
17.0855815410614,1.88878568649292,2.0052919197082524,-0.21692379951477037,2.763288437268839
17.116536140441895,0.15591844558715828,0.340622882843018,0.05573454856872573,0.37873585768284956
17.147430658340454,-1.6208693122863769,-0.6564188194274898,-0.0970250034332274,1.7514327978262567
17.178500175476074,-0.9185072517395019,-1.884373683929443,-0.04424818992614732,2.096777922073678
17.209914445877075,1.435365047454834,1.617518405914307,-0.0809265041351317,2.1640674000589986
17.24095058441162,0.8245690727233888,0.5379419136047368,-0.17524632453918443,1.0000034661785568
17.271444082260132,-1.7478844261169433,-1.065749187469482,-0.0024386310577391157,2.047175430825471
17.302283763885498,-0.8845430946350097,-0.9249601554870601,-0.12357148170471177,1.2857829080353433
17.334101915359497,1.4941209220886231,1.699744205474854,-0.09910401344299302,2.265248176105393
17.364813327789307,1.4003785514831544,0.8062524604797368,-0.2733703517913817,1.6388515694602215
17.39566421508789,-1.9772240257263183,-1.7182684135437007,-0.14276894569396958,2.6234031639734567
17.42628502845764,-1.1097647285461425,-0.8647947502136226,-0.2066427135467528,1.4220228281515386
17.45785403251648,1.8486684226989747,1.7720231819152836,-0.12872275352478013,2.564022355909652
17.488449573516846,1.4687989616394044,0.6207074928283696,-0.14526852607727037,1.601171797789024
17.519877433776855,-1.1541039085388183,-0.714003582000732,0.1601614093780519,1.3665316036844581
17.54998230934143,-2.152922306060791,-1.6611700248718257,0.1962789630889894,2.726368599220961
17.581146240234375,0.9888070487976075,1.3953370857238774,-0.08076819419860826,1.7120830773482756
17.612184524536133,1.992087688446045,1.0562658119201664,-0.1690030956268309,2.261122037887634
17.64297914505005,-0.27058378219604484,0.018036823272705504,-0.230388250350952,0.3558365581008511
17.675055742263794,-2.3549563026428224,-1.8795767021179195,-0.0830937290191649,3.014221679688463
17.704954862594604,2.6307090187072752,0.5904607582092289,-0.009080495834350444,2.696174382991095
17.73588728904724,0.47474416732788094,0.3657827186584477,-0.4004498386383055,0.7207906040914054
17.766831636428833,-1.2044874763488769,-0.4730043601989742,0.2485093212127687,1.3176798124651368
17.79777479171753,0.654934253692627,0.39328859329223675,-0.6942706966400145,1.032291913407596
17.828853368759155,-0.7372099494934081,0.4090890693664555,-0.18368872642517076,0.862886970884882
17.860345363616943,-0.04600587844848625,0.01161668777465863,0.11958209037780776,0.1286521069621364
17.891807556152344,0.2909148597717286,0.8490629005432133,-0.19537219047546373,0.9185366391854165
17.92265224456787,0.26179632186889656,0.673966388702393,-0.04514893531799302,0.7244352514924824
17.953560829162598,0.19343122482299813,0.5000409889221196,-0.023923959732055522,0.5366833192749683
17.984596014022827,0.3135732078552247,0.3777475166320805,-0.024884309768676616,0.49156949852384385
18.015597343444824,0.4399369621276856,0.272507648468018,-0.15397747993469224,0.5399203769508464
18.046947956085205,0.22771009445190438,0.11872575759887738,-0.04315146446228013,0.2604030366911301
18.077450037002563,0.2319539451599122,-0.07086660385131793,-0.1037236118316649,0.26378645884137625
18.10866069793701,0.25835355758667,-0.05422689437866168,0.020040426254272603,0.2647427722830149
18.139760732650757,0.21601518630981453,-0.09991552352905231,0.023002538681030416,0.23911250352986727
18.17031741142273,0.03886445999145516,-0.05949689865112262,-0.01755484580993638,0.0732017746433788
18.201770067214966,0.06160291671752938,0.04418657302856488,0.003319654464721822,0.07588407402005183
18.23288130760193,0.062315311431884846,0.026125888824463317,0.004034433364868306,0.06769074352004548
18.26361346244812,0.019296016693115314,-0.019913692474364808,-0.05871638298034654,0.06493462126230727
18.2945556640625,-0.01318136215209953,-0.05268384933471637,0.005379590988159322,0.054573585992747274
18.32587695121765,0.08664163589477547,0.011919956207275817,-0.037675466537475444,0.09522761787067158
18.356812953948975,-0.12393728256225578,-0.054350872039794496,-0.09618815422058091,0.16603200990400857
18.387245655059814,0.023919429779052814,0.12255571365356488,0.044097814559936666,0.13242605226711318
18.418174266815186,-0.008602771759033123,-0.03028394699096637,-0.015174474716186381,0.03494838780547479
18.44929337501526,0.001365985870361408,0.05745599746704144,-0.05754384040832505,0.08132866119191612
18.481082677841187,-0.05639997482299797,0.0029191780090336295,-0.036306943893432475,0.06713920564889105
18.511536359786987,-0.04683271408081047,-0.019787807464599183,0.005967054367065572,0.051190489060473986
18.54215931892395,0.07575353622436531,-0.045256633758544496,-0.03737458229064927,0.09583120864860138
18.573279857635498,-0.06934801101684562,-0.00875379562377887,0.02746048927307143,0.075098961650158
18.603893280029297,0.03483327865600594,0.021584491729736754,0.004185590744018697,0.0411918287410798
18.635095596313477,-0.08520952224731437,0.11202714920043988,-0.07822522163391099,0.16102773096354453
18.666073322296143,-0.4461905097961425,0.17632387161254925,-0.09301957130432115,0.4887010531789552
18.696860313415527,0.28508218765258797,-0.36226560592651325,0.005015764236450337,0.4610134280527681
18.727931261062622,0.10378488540649422,-0.26981260299682575,-0.0799356365203856,0.299933074469424
18.758607387542725,0.29673799514770516,-0.099471111297607,-0.06394919395446763,0.31943299634584793
18.789906978607178,0.31672700881958016,-0.5788297843933101,-0.16539534568786607,0.6802319735147805
18.820908784866333,0.49934610366821297,-0.44092847824096637,-0.1468621158599852,0.6821531611356731
18.85207724571228,0.214682903289795,-0.156386394500732,-0.1270237827301024,0.2944155137368585
18.882821083068848,0.07480272293090828,-0.08316709518432575,0.12431612968444838,0.167232512326394
18.913344860076904,0.1748717689514161,-0.3080434989929195,-0.036399927139282084,0.35608410178459704
18.94515347480774,-0.13812509536743156,0.2695760536193852,0.10420313835144057,0.32032496733403903
18.959411144256592,0.01890024185180672,-0.17788412094116168,-0.16104611396789537,0.24069862992802216
18.976849794387817,0.3138669395446778,0.08677576065063519,0.015969190597534322,0.32603297904349976
19.00821566581726,0.04590829849243172,-0.0025396537780757455,0.06499567985534682,0.07961444662648506
19.038302421569824,-0.04170576095581047,-0.016509075164794496,0.06561318397521987,0.07947961984726706
19.068806886672974,-0.5450684165954589,-0.034972209930419496,0.09012690544128432,0.553575192111894
19.100620985031128,0.24452623367309578,-0.029236812591552308,0.12268773078918471,0.27513660143838087
19.131547927856445,0.11685689926147469,0.0050248908996586295,0.2529195880889894,0.27865588540826475
19.162368297576904,0.26464685440063485,-0.19400312423706012,0.28438702583313,0.434224769238357
19.193511486053467,-0.040513668060302654,-0.10818197250366168,0.3370546436309816,0.3563011777523215
19.223501682281494,0.3745454216003419,-0.18579389572143512,0.27735415458679213,0.5017259925454127
19.2554874420166,0.3724578285217286,-0.993178386688232,0.13861933708190932,1.069739904100426
19.285878658294678,0.08545431137084969,0.7190046119689946,0.5598148441314699,0.9152391660514166
19.31744885444641,0.31808694839477547,-1.1976919364929195,0.22032252311706557,1.2586450236948978
19.348267078399658,0.7234319114685059,-0.5867510032653804,0.34881344795227065,0.994636261070477
19.379363775253296,-0.7128721809387206,0.7597493934631352,0.4941586589813234,1.1530822466199666
19.410162210464478,-0.5595022773742675,0.5233831214904789,0.4348801708221437,0.8809616638778365
19.440680027008057,0.25173887252807625,-0.38419248580932575,0.5934342479705812,0.7504269003430415
19.472087860107422,-0.25824037551879875,-0.009366054534911683,0.43792143821716323,0.5084791053483219
19.502237796783447,-0.9638201332092284,1.0631036567687993,0.18183127403259292,1.4464443461229208
19.53381872177124,-0.06901422500610344,-0.29332830429077106,0.3503808116912843,0.4621376099742754
19.564625024795532,-0.10043588638305656,0.09884164810180707,0.6152195072174074,0.6311513928796016
19.596022129058838,-0.8800627326965331,0.32656000137329144,0.5633734798431398,1.0947792132520522
19.625840425491333,-0.28443780899047844,0.15376756668090863,0.5017398929595949,0.5969022130411121
19.657434701919556,-0.3068358039855956,0.3466806221008305,0.6731995677948,0.8170271246579339
19.688960075378418,-0.6963335609436034,0.09062669754028363,0.4689702129364015,0.8444090756411082
19.71997094154358,0.36040433883667,-0.9321546745300289,0.12590304374694838,1.007300948637113
19.75064754486084,-0.17851129531860344,0.6171102333068852,0.3784817790985109,0.7456136933546607
19.781839609146118,-1.1641794776916503,0.9502191352844243,0.40643397331237807,1.5567333862937383
19.812920808792114,0.36624273300170906,-0.30593015670776325,0.46394005775451674,0.6655579444714502
19.84363293647766,0.07381662368774422,-1.300408382415771,0.5179752445220949,1.4017165223138321
19.87508201599121,0.3003934288024903,0.14870355606079144,0.29958621025085463,0.4495562890510053
19.90559697151184,0.11386045455932625,-0.5425501060485836,0.43177548408508315,0.702676945219276
19.937080144882202,-1.5380312538146972,2.221249561309815,-0.17742642402648912,2.7075763862304387
19.968262910842896,1.3857520484924317,-1.2867422294616695,0.12112084388732924,1.8949101730174276
19.999494791030884,-1.1419369316101073,0.41234300613403363,0.09706011772155776,1.2179767554985936
20.029961109161377,0.6094983482360841,-0.5059194755554195,0.2552084064483644,0.8322103598073621
20.0618896484375,-1.3648192024230956,0.6601190376281743,0.25093165397644057,1.5367027344640583
20.092475175857544,1.5255158805847169,-1.732039470672607,0.23532000541687026,2.3200290806008024
20.12362241744995,0.012274112701416096,-0.22182943344116168,0.0669616794586183,0.2320405522734175
20.153661489486694,0.3938191795349122,-0.7884016227722164,0.01746884346008315,0.8814623221960475
20.185219287872314,0.28428586959838875,-0.11257459640502887,0.04876652717590346,0.3096282764572147
20.216126203536987,0.25802740097045906,-0.11926557540893512,-0.07240828514099107,0.2933349227184747
20.24730110168457,0.38026079177856453,0.4622468757629399,0.08893958091735854,0.6051286581962674
20.278188705444336,-1.1880957221984862,0.8448858070373539,-0.5030337238311766,1.5422212549926044
20.309914588928223,0.35710271835327156,-0.10180761337280231,-0.313764657974243,0.48614339673562956
20.34028673171997,-1.2404448127746581,0.8447408485412602,-0.3981090450286864,1.552669071781691
20.37131118774414,0.5818570518493653,-0.8641100120544429,-0.29809674263000474,1.0835614471206438
20.402312994003296,-0.35290399551391594,0.43694589614868207,-0.3976274394989012,0.6881646073820662
20.433071613311768,0.9552052879333497,-1.3996858787536617,-0.0725799465179442,1.6961148398368522
20.46407437324524,0.4014218711853028,-0.24699689865112262,-0.22412880897521958,0.5219010534783708
20.495092153549194,-0.2396942710876464,-0.35428907394409137,-0.6298519039154051,0.7613721247683427
20.526126384735107,-0.14771810531616203,0.5188798713684086,-0.4434591197967528,0.6983644825450416
20.556960105895996,-0.2542025184631347,0.16347787857055707,-0.5391059780120848,0.6180446526775364
20.587321996688843,0.09195932388305672,-0.6061010551452632,-0.52658709526062,0.8081515793415538
20.61824059486389,0.9915784263610841,-0.6678114128112789,-0.33441075325012193,1.2413824594358638
20.649367332458496,-0.5245577430725097,0.905899982452393,-0.5517097377777098,1.1833001473773763
20.681028127670288,0.5556758308410645,-0.5593118858337398,-0.41418847084045396,0.8905939052076178
20.711212158203125,-0.061606082916259686,0.007777194976807067,-0.40805396080017076,0.41275153438685075
20.74359703063965,-0.15171590805053703,0.5744600105285649,-0.8737336063385008,1.056613664163662
20.77488422393799,0.31735166549682625,-0.8231210899353023,-0.6064620876312254,1.070531023382281
20.80596375465393,0.025185909271240314,0.31189821243286175,-0.34970578193664537,0.46926427401258053
20.836900234222412,0.10698827743530281,-0.13104726791381793,-0.3602567577362059,0.3980010168716315
20.867373943328857,-0.0015703773498534357,0.19858644485473675,-0.5943704509735106,0.6266699890337167
20.89904475212097,0.26688894271850594,-0.9043588829040523,-0.45264109611511216,1.0459343472346425
20.929033279418945,-0.23444810867309562,0.022950153350830504,-0.5515156650543211,0.5997183955820669
20.960516691207886,0.3548491859436036,-0.09113027572631793,-0.47681101799011216,0.6013080897473108
20.991588830947876,-0.6762491798400878,0.47749803543090863,-0.40608510017395005,0.922075070511103
21.022550344467163,0.4849484825134278,-0.6942129325866695,-0.3858157062530516,0.9305699251825201
21.05360245704651,-0.5046145057678222,0.9043378639221196,-0.22341975212097154,1.0594239742389833
21.08460783958435,-0.39666620254516594,0.2796144294738774,-0.4639717006683348,0.6714149569622883
21.11588168144226,-0.15229764938354484,-0.16248037338256793,-0.32157858848571763,0.39116139164641284
21.14598822593689,0.05011304855346688,0.3672818946838383,-0.11917075157165513,0.3893699729409362
21.177375316619873,-0.2995211219787597,-0.02604200363159137,-0.14796504020690904,0.335089154685727
21.20793867111206,0.022013988494873127,0.047471027374268004,-0.18665942192077623,0.19385523960218168
21.239166736602783,0.10753759384155281,0.109971027374268,-0.14038475990295396,0.20824466803256408
21.270265579223633,-0.540016803741455,0.6299543190002446,-0.04850443840026841,0.8311517748851436
21.30097723007202,-0.35328737258911125,0.24591539382934613,-0.2337880992889403,0.4898399982874973
21.331334590911865,0.2996323966979981,-0.3336916160583492,-0.026194658279418803,0.44923916559110777
21.363282442092896,-0.0640799140930175,-0.20945264816284137,-0.11439475059509263,0.24710889538077938
21.394142866134644,-0.29218355178833,0.43407533645629925,0.07179060935974135,0.5281538764863287
21.425273418426514,-0.5250059700012206,0.19161317825317425,-0.08950766563415513,0.566002209204594
21.456109762191772,-0.055143985748290936,-0.17116834640502887,0.056466493606567525,0.1884885324773372
21.487322092056274,-0.3852144813537597,0.4593782234191899,0.05296650886535659,0.601850479652381
21.518063068389893,-0.2504240608215331,-0.1562204551696773,0.11944428443908706,0.3184085079531224
21.54956889152527,0.07669195175170906,-0.21081068038940387,0.03372851371765151,0.22684887274864662
21.580036163330078,0.07337888717651375,-0.06398679733276325,0.07107630729675307,0.12054299139771721
21.610033988952637,-0.22859350204467765,-0.059233684539794496,-0.05285843849182115,0.24198684485112734
21.641942024230957,-0.10427728652954094,-0.038542766571044496,-0.012821760177612163,0.1119093154074593
21.672974348068237,-0.10783639907836906,0.07061098098754925,0.06972876548767104,0.1465493102632965
21.703189611434937,-0.20109334945678703,-0.09175970077514606,0.07338038444519057,0.23290139266096668
21.735191583633423,-0.1089712715148925,0.0024156379699711295,0.006744775772094869,0.10920652600733266
21.76596450805664,-0.1846081352233886,-0.07088186264038043,0.03020850181579604,0.20004238456882492
21.797811269760132,-0.12991586685180656,0.04682634353637738,-0.012506570816039897,0.13866237132841694
21.828668355941772,-0.13306489944458,-0.0029821586608882455,-0.03377589225769029,0.13731704785742374
21.859888792037964,-0.06734052658081047,0.003931980133057067,-0.03454216957092271,0.07578501478929707
21.890706539154053,-0.1027762031555175,-0.11543561935424762,0.009501371383667134,0.1548502702901526
21.92123246192932,-0.09359231948852531,0.03114030838012738,-0.05447634696960435,0.11268058152319034
21.95277166366577,-0.22836557388305656,0.00845811843872113,-0.011650171279907084,0.2288189275241722
21.983418464660645,-0.1730600929260253,0.03600023269653363,0.11270895957946792,0.20964045908949736
22.014763832092285,-0.06847349166870109,-0.07025815963745075,0.008570585250854634,0.09847986082690896
22.04554796218872,-0.017767581939697186,-0.05234052658081012,-0.013038244247436381,0.056790963223000125
22.077109336853027,-0.17476526260375969,-0.03976728439331012,0.05053177833557143,0.18621974799342528
22.10796880722046,-0.10121885299682609,-0.08351804733276325,-0.03215559959411607,0.1351092262487203
22.138671875,-0.17032495498657219,-0.04563428878784137,0.009520921707153462,0.17658914619676855
22.169914960861206,-0.15739122390747062,0.011223773956299254,0.00793210029602065,0.15799015374389566
22.200928449630737,-0.15871015548706047,-0.03759099960327106,0.030219945907592916,0.16587718901813436
22.23134469985962,-0.14810052871704094,-0.080885906219482,-0.011222925186157084,0.16912199880839862
22.2617404460907,-0.1138550376892089,0.015231113433838317,-0.07538422584533677,0.13739628062631962
22.293296337127686,-0.15352121353149406,0.009194355010986754,-0.012656297683715678,0.15431617231939587
22.324270963668823,-0.15335050582885734,-0.07402708053588825,0.03128138542175307,0.17313264095639955
22.35504698753357,-0.18829408645629875,-0.06316663742065387,0.05133715629577651,0.20513456728201965
22.38565969467163,-0.19353166580200187,0.029892902374268004,-0.012412633895873881,0.19621968494697023
22.417109489440918,-0.1958872413635253,-0.032103557586669496,0.051026735305786275,0.20495408621127661
22.448169231414795,-0.06404748916625969,0.050942401885986754,0.027464303970337056,0.08632205495115725
22.479085683822632,-0.12193170547485344,-0.15622617721557575,0.03120032310485854,0.20061759496426643
22.51066780090332,-0.19125238418579094,-0.0633535575866695,0.03084794044494643,0.2038203697998112
22.54154086112976,-0.17388788223266594,0.01870439529418988,-0.0320387744903563,0.17780138655681715
22.57194757461548,-0.1727396583557128,-0.09792615890502887,0.0723480319976808,0.21133565695518303
22.60383701324463,-0.13064161300659172,-0.11315252304077106,-0.03223952293395982,0.1758127167143083
22.634106397628784,-0.21052232742309562,-0.02791883468627887,0.07208100318908706,0.22426498321098196
22.664663791656494,-0.1957031822204589,-0.026417751312255433,0.05156937599182143,0.2041005479066535
22.69595766067505,-0.004360828399658123,-0.08284666061401325,0.11170331001281752,0.13914099132550545
22.726773738861084,0.021076526641845783,-0.20090200424194293,0.007853899002075337,0.20215716414030171
22.758298635482788,-0.11281553268432609,-0.07598020553588825,0.03052750587463393,0.1393996580449532
22.78968906402588,-0.09040895462036125,-0.054739971160888246,0.02833167076110854,0.10942087134709387
22.82016634941101,-0.12089029312133781,0.03228662490844769,-0.0537820720672606,0.1361961834809984
22.851479053497314,-0.1269156074523925,-0.09825422286987262,-0.011105623245239116,0.16088753399327613
22.88332223892212,-0.1458078956604003,-0.085219402313232,-0.011354055404662944,0.16926666399994664
22.9135582447052,-0.0824829673767089,0.002253513336182067,0.007541093826294087,0.0828576268409888
22.945541620254517,-0.03355852127075187,0.030373554229736754,-0.03496655464172349,0.05719604085895194
22.975824117660522,-0.10673013687133781,-0.16425611495971637,-0.010270681381225444,0.19615524544163665
23.00810217857361,-0.1482025718688964,-0.0019521903991694955,0.0711711978912355,0.16441761695506785
23.03786611557007,-0.14653364181518547,-0.03609563827514606,-0.03235682487487779,0.1543436665435118
23.068870544433594,-0.19703355789184562,-0.12187864303588825,0.010762128829956197,0.23193199430165157
23.099502086639404,-0.09323373794555656,-0.026656169891356996,0.02829781532287612,0.10101409622733454
23.13012981414795,-0.1541992759704589,-0.08152296066284137,0.0729722118377687,0.1890723499762594
23.16136384010315,-0.18382230758666984,0.03545091629028363,0.05031767845153823,0.19385375156818954
23.19235062599182,-0.07926622390747062,-0.029936809539794496,0.11233416557312026,0.14070647310262735
23.22288751602173,-0.037819538116455,0.04192636489868207,0.006583127975464009,0.05684606504324437
23.254122495651245,-0.13680711746215812,-0.10408308029174762,0.051336679458618306,0.17940158764392258
23.285913705825806,-0.22410837173461906,-0.00038816452026324555,0.009655866622924947,0.22431662602998628
23.31585931777954,-0.14349523544311515,0.04329202651977582,-0.05464562416076646,0.15953440505102268
23.34713363647461,-0.1669260597229003,-0.077559490203857,-0.010861959457397319,0.18438483153055082
23.378530025482178,-0.20109811782836906,-0.09447385787963825,0.010520849227905416,0.22243302606683885
23.409127235412598,-0.08865514755249015,-0.0042600822448726205,0.0077437496185304155,0.08909460784156002
23.44002890586853,-0.21146837234497062,-0.10184385299682575,-0.0099740886688231,0.2349266382091306
23.47098398208618,-0.06019559860229484,0.03332994461059613,-0.07650765419006333,0.10289711584150608
23.501922607421875,-0.07297101974487297,-0.01074506759643512,0.049206171035766744,0.08866495061894374
23.532947301864624,-0.13740507125854484,-0.04227163314819293,-0.0325880908966063,0.1474076939812392
23.56396222114563,-0.020895633697509686,0.03340623855590863,-0.014606084823608256,0.04202311263994158
23.595890522003174,0.03583272933959969,-0.10056592941284137,0.04914322853088393,0.11752679507683465
23.62683391571045,-0.03783384323120109,-0.04969312667846637,-0.012881364822387553,0.06377096590465484
23.657792806625366,-0.21970907211303703,0.01903245925903363,0.05141488075256362,0.22644602190592533
23.68883514404297,-0.10386529922485344,0.0010614204406742545,-0.013641443252563334,0.10476266496435228
23.719788312911987,-0.21451917648315422,0.06582162857055707,0.008539113998413228,0.22455262264014852
23.751290321350098,-0.10923734664916984,-0.04870321273803668,0.09155169486999526,0.1506204291174543
23.781662464141846,-0.13096204757690422,0.020768146514893004,0.00812140464782729,0.1328470211508453
23.812866926193237,-0.0867401695251464,0.013810138702393004,0.04909411430358901,0.10062210989382171
23.84402585029602,-0.19446435928344719,-0.028449077606200746,-0.011086072921752788,0.1968467374913582
23.874592304229736,-0.1507364845275878,-0.047118206024169496,-0.010717477798461772,0.15829237959242487
23.905662059783936,0.7242158317565919,-0.4280824851989742,-0.11693247795104966,0.8493623428789357
23.937145948410034,0.03858217239379891,0.06156824111938519,0.18913260459899917,0.2026089199999865
23.967634201049805,-1.546765956878662,-0.6639089775085445,0.23382559776306167,1.6993923813953202
23.998405694961548,-0.5394693946838378,0.3157071876525883,-0.142190065383911,0.6410275117574392
24.02933382987976,1.0926812553405763,1.392432193756104,-0.04766663551330552,1.7706190578784167
24.06046772003174,-1.0145079231262206,-1.4060487937927242,0.05036965370178237,1.7345710243820776
24.091336488723755,-2.933120403289795,-2.189713497161865,-0.019413557052612163,3.660384868568491
24.12232995033264,0.2806275749206544,0.9894895362854008,-0.01617678642272935,1.0286413693037586
24.153242349624634,1.050071086883545,0.41849420547485394,0.17993155479431167,1.1446231047534892
24.184950590133667,-2.0952898597717287,-0.978011150360107,-0.030341234207153178,2.312502107498314
24.215352773666382,-1.1405150032043456,-0.8089285087585445,0.051415834426880025,1.399208130639021
24.2462215423584,-0.45536676406860344,-0.021367092132567933,-0.14933785438537583,0.4797053649866139
24.277326107025146,1.6250413322448731,2.032732944488526,-0.1088663005828856,2.6047292424579926
24.308192014694214,2.801595058441162,0.04897020339965863,0.10002032279968276,2.8038075927702124
24.3391010761261,5.899976100921631,-3.6322603416442867,-1.9939604663848876,7.209640179817168
24.370081186294556,-5.125965747833252,-0.01357557296752887,0.49868145942688,5.150183719258686
24.40105390548706,0.1833394432067872,0.33009813308715863,0.23822775840759292,0.4464645492969276
24.43216609954834,-0.3409163093566894,0.8404302406311039,0.31823578834533706,0.9611560416167706
24.46317148208618,-0.5866915321350097,0.305008869171143,0.05680552482604995,0.6636747937075412
24.494002103805542,-0.20262781143188469,0.1204843330383305,0.1178483104705812,0.2635578281025575
24.525452136993408,-0.35496393203735344,0.4943570899963383,0.1615494823455812,0.6296717880953472
24.557343006134033,-0.2805525398254394,0.002455692291260192,-0.015768613815307475,0.28100606258369304
24.58806324005127,-0.25491395950317375,0.37615488052368207,-0.12816103935241685,0.47212167171107805
24.61892080307007,-0.3205477333068847,0.05474565505981488,0.0871643161773683,0.3366683146522377
24.649996757507324,-0.4108339881896972,0.24240968704223675,0.040780458450317525,0.47875888296217073
24.680799961090088,-0.4282175636291503,0.3313627052307133,0.16380396842956557,0.5656883101952666
24.712247848510742,-0.5054747200012206,0.2660550880432133,0.08415022850036635,0.5773831166484332
24.74252462387085,-0.39679780960083,0.19563768386840863,0.08286276817321792,0.45009870406694175
24.773982048034668,-0.23550859451293937,0.11354539871215863,0.08208886146545424,0.274035466381375
24.8051335811615,-0.18838754653930656,-0.015791912078856996,0.06313601493835463,0.19931233920784203
24.835619926452637,-0.3534494972229003,0.196671466827393,0.061860475540161275,0.40918569303583213
24.866509675979614,-0.3529574012756347,0.2535676765441899,0.1646455860137941,0.4647404250730659
24.89692521095276,-0.5899015998840331,0.17074869155883832,0.16941824913024917,0.6370569490659029
24.928441524505615,-0.5466963386535644,0.29309556961059613,0.04307499885559096,0.6218017008250956
24.959362030029297,-0.3212820625305175,0.2535428810119633,0.05947295188903823,0.41357367931495087
24.990578651428223,-0.25021615982055656,0.09116838455200238,0.10291377067565932,0.28550139259178803
25.0213680267334,-0.2181040382385253,0.11797616958618207,0.16344824790954604,0.2969900298509701
25.052985668182373,-0.28201356887817375,0.14912698745727582,0.08138361930847182,0.3292321444076098
25.083411931991577,-0.33325448989868156,0.186020832061768,0.08253518104553237,0.39047965517911654
25.114177465438843,-0.4689451789855956,0.19661996841430707,0.1461528873443605,0.5290837923733526
25.14568781852722,-0.4768778419494628,0.34331796646118207,0.03996602058410659,0.5889626346711202
25.176126718521118,-0.3664957618713378,0.10476205825805707,0.10341683387756362,0.39495477443547444
25.207103729248047,-0.2589651679992675,0.12847040176391644,0.14252844810485854,0.3223072460951666
25.238201379776,-0.2735640144348144,0.018458347320557067,0.12420836448669448,0.30100780452997755
25.268980264663696,-0.3493582344055175,0.2064218330383305,0.12275687217712417,0.4239462215523989
25.30055046081543,-0.4494749641418456,0.2659425544738774,0.01973334312438979,0.5226304530940286
25.331510305404663,-0.3435160255432128,0.33127305984497113,0.07953778266906752,0.48380921741526056
25.362653255462646,-0.4221407508850097,0.3409242439270024,0.1421708202362062,0.5609319885526174
25.393518209457397,-0.4149271583557128,0.15606019973754925,0.10393134117126479,0.45532522043142787
25.424391508102417,-0.3401133155822753,0.10582826614379925,0.14379921913146987,0.38412876067041857
25.45449686050415,-0.25623956680297844,0.09202478408813519,0.101520929336548,0.2905749052743583
25.486966133117676,-0.36197153091430656,0.14973733901977582,0.102772150039673,0.40497749902055935
25.517167568206787,-0.6016680335998534,0.1698751258850102,0.34039202690124526,0.7118487992743265
25.54841661453247,-0.4381052589416503,0.16625497817993207,0.21514454841613784,0.5156201241176726
25.580620765686035,-0.120766315460205,0.02882097244262738,0.12665072441101088,0.1773571464480816
25.610052585601807,1.4874947929382325,-1.649458904266357,-0.3156681919097899,2.2434352772624226
25.642062425613403,1.7028554344177247,-2.0309438896179195,-0.6028509998321532,2.7180653121845633
25.673028469085693,2.246909465789795,-2.4735384178161617,-0.704875555038452,3.4152370342274967
25.703415393829346,1.8988765144348145,-2.1424932670593257,-0.2759500408172606,2.8761359219434857
25.73509979248047,2.1889069938659667,-2.0844812583923336,0.6893605327606203,3.1002570681335824
25.766176462173462,2.628632869720459,-2.59073163986206,1.093692216873169,3.849384867586784
25.79704189300537,2.569496955871582,-2.727826137542724,1.336104784011841,3.9785080164244877
25.827690839767456,2.4791916275024413,-2.665412445068359,1.501627359390259,3.9377276892483124
25.85875940322876,2.424094524383545,-2.459475059509277,1.9395493602752687,3.9606948320261495
25.889235258102417,2.5246380233764647,-2.621864337921142,2.0548514461517335,4.179758871190151
25.919816970825195,1.9138906860351563,-2.10759069442749,2.112880620956421,3.545304022470099
25.952265977859497,2.2383149528503417,-1.9931364250183101,2.378003511428833,3.825904773678516
25.982306003570557,2.235693302154541,-1.9821081352233882,2.0305265522003175,3.6124943294360925
26.01399874687195,2.8815053367614745,-3.8424368095397945,1.9914068317413331,5.199335997086289
26.04476284980774,3.2962392234802245,-3.2688236427307125,1.7684558963775636,4.9676792653227295
26.075321912765503,2.819907512664795,-2.8782768440246578,1.214909944534302,4.208605724484088
26.10700488090515,3.6196721458435057,-3.1658649635314937,1.3265589809417726,4.9884352396947955
26.13738465309143,3.3807919883728026,-3.5845298957824703,1.218537244796753,5.075770095203374
26.16885209083557,2.8599651718139647,-2.766596813201904,1.3237628078460695,4.193543451813075
26.200141191482544,2.116503562927246,-2.1836919975280757,1.2882145977020265,3.3026648212745533
26.230493307113647,1.6159952545166016,-1.813317317962646,1.4288753604888917,2.8180214963792736
26.260316133499146,2.1441696548461913,-1.915210742950439,1.222483072280884,3.1240935582484273
26.291829824447632,1.8939560317993165,-1.6594705772399898,1.3773159122467042,2.8701761564827706
26.323126077651978,0.9968341255187989,-0.9733362388610836,1.2378706073760988,1.8637020545904703
26.354235649108887,1.0639160537719727,-2.2338972282409664,1.5747551059722902,2.932928202258316
26.38496971130371,2.352598991394043,-1.537351627349853,1.5642551517486574,3.2163747014605937
26.417218685150146,-6.939039859771729,9.214474658966065,0.7606839275360109,11.560080339419802
26.447359085083008,-1.6499401664733886,2.1780805397033696,1.601722631454468,3.1673100224780932
26.479163646697998,-3.34749475479126,3.628361682891846,1.045877847671509,5.046245149364301
26.509934663772583,-0.5532843208312987,0.41430185317993207,0.7971066570281984,1.0550585708408549
26.54072880744934,-0.8887735939025878,1.4463491249084477,0.8115371799468996,1.8816048699921355
26.57239294052124,0.03185781478881844,-0.11560346603393512,0.7499722576141359,0.7594981691307897
26.60326337814331,-0.7425734138488769,0.33464906692504925,0.8564843273162843,1.1819351403048348
26.63431429862976,-0.3467947578430175,1.026373844146729,0.8708314037323,1.3899846062968824
26.66462802886963,-0.08576456069946281,0.22215555191040082,0.2914051151275636,0.37633175555498266
26.695241451263428,-0.7752405738830566,0.2655610847473149,1.1690692043304445,1.4276706348596373
26.725595951080322,0.10959371566772469,0.5328073310852055,0.6596163845062257,0.8549784846889791
26.75771141052246,-1.5070311164855956,0.9623555946350102,0.7520155048370363,1.9397933900538036
26.787951469421387,-0.9292761421203612,0.9031686592102055,0.4465355014801027,1.3706428161179516
26.819627285003662,-0.22312990188598625,0.22560403823852582,0.7670964336395265,0.8301331662375986
26.850587129592896,-0.4034926033020019,0.9531354713439946,0.6102551555633546,1.2015343784283574
26.881422519683838,-0.47321382522583,0.8585176277160649,0.49810400962829604,1.0995869433072893
26.911837339401245,-1.2912031745910644,1.0784616279602055,0.3864764308929445,1.7261660269778132
26.94341540336609,-0.23174730300903312,0.041573505401611754,0.42864838600158706,0.48905481045083693
26.974838733673096,-1.0103003120422362,0.7196073341369633,0.16838351249694838,1.2517565430774296
27.005407571792603,0.08242353439331063,-0.4615907859802242,0.10966244697570815,0.4815449563648511
27.036364793777466,-0.24095216751098625,0.04066370010376019,0.24949494361877456,0.3492265889443506
27.06717562675476,-0.36280694961547844,0.07260797500610394,0.22701254844665542,0.4340915777529211
27.097899198532104,-0.6627375221252441,0.8635434913635258,-0.21540650367736802,1.1096523539088827
27.128516674041748,-0.13106409072875969,-0.022015590667724183,-0.244945135116577,0.278676517360691
27.160243034362793,0.0737374687194825,-0.4175729942321773,0.03302184104919448,0.42531736596506486
27.19144916534424,-0.6737162208557128,0.3601522254943852,-0.12197932243347154,0.7736162659057725
27.222492218017578,-0.5457388496398925,0.49244211196899457,-0.2765622997283934,0.7853768721307082
27.253985166549683,-0.44285455703735344,0.03150842666626019,-0.5733476543426512,0.7251485864151939
27.284273862838745,0.36308225631713875,-0.45094778060913043,-0.14729603767395005,0.5973932945749313
27.31580686569214,-0.32966485977172844,-0.05311872482299762,-0.5377303028106688,0.6329726670686407
27.346980094909668,0.10365613937377938,0.272934894561768,-0.47748383522033677,0.5596685311825577
27.376988410949707,0.37458547592163094,-0.4957571220397945,-0.2623248958587645,0.6744655319672949
27.409510374069214,-0.24011865615844719,0.8788556861877446,-0.07837018013000474,0.9144321578517891
27.44005513191223,-0.6413580513000487,-0.181349773406982,-0.7100911998748778,0.9738877771190597
27.470982789993286,-0.39074579238891594,0.5819120216369633,-0.8069549465179442,1.068868635944117
27.502329349517822,0.5799573326110841,-0.5902586174011226,-0.20336112022399888,0.8521217567251808
27.532896995544434,-0.2858244514465331,0.003523807525635192,-0.6874380970001219,0.7444992756687802
27.564112424850464,-0.5605703926086425,0.9046907234191899,-0.6780424976348876,1.2619215897626528
27.594964265823364,0.20351728439331063,0.3458738136291508,-1.0841718578338622,1.1560608103902357
27.624951124191284,0.5639165306091309,-0.4135713768005367,-0.48539837837219224,0.8512665404732436
27.65680766105652,-0.64014497756958,0.48762987136840863,-0.6410342121124266,1.0288310574904553
27.68846368789673,-0.21838823318481437,0.3193807411193852,-0.9564102554321288,1.0317063801718502
27.719138145446777,0.18110975265502938,0.4863576698303227,-0.7467695140838622,0.9094004798077657
27.750175714492798,0.2186787986755372,0.3288888740539555,-0.9471317195892333,1.0261806871690349
27.78090763092041,-1.0712076759338378,0.5694684791564946,-0.9701338672637938,1.553364076494815
27.811046600341797,0.20585187911987313,-0.012230892181396058,-0.949389543533325,0.9715271978854484
27.84243631362915,-0.08698335647583,0.13413713455200238,-0.43205460548400865,0.46068433584132823
27.873531341552734,0.24421819686889656,-0.04371358871459918,-0.9060984516143797,0.9394508020850164
27.904431581497192,-0.06510606765747062,0.582413654327393,-0.8892246150970458,1.064971774690436
27.93602752685547,-1.0351664161682128,0.7699174690246586,-1.031098928451538,1.6515167024664896
27.966933250427246,1.1505006217956544,-0.8378114891052242,-0.5117007160186766,1.5124210375430935
27.997902154922485,-0.4066740608215331,0.5406675148010258,-0.5909458065032958,0.8982884278059159
28.028906106948853,-0.1383616065979003,0.211533527374268,-0.7952323818206786,0.8344368810640753
28.05939030647278,-0.39283052444458,0.5730714607238774,-0.6118398571014403,0.9257833065947524
28.090710878372192,0.15966924667358406,-0.13166524887084918,-0.6102353000640868,0.6443734379518127
28.12182593345642,-0.024265918731689373,0.1560811805725102,-0.6369782352447508,0.6562708601761308
28.15267539024353,-0.2851931190490722,0.5436696815490727,-0.6447401905059813,0.8902818379829487
28.18352246284485,0.1529000663757325,-0.06589033126831012,-0.5522962474822997,0.576845829520662
28.21581721305847,-1.1018931007385253,1.180853824615479,-0.43243321418762193,1.6719995948853588
28.244645595550537,0.7465546989440919,-0.6755933952331539,-0.30097874641418443,1.0508846558929377
28.275250911712646,-0.19265619277954094,0.22268198013305707,-0.5087304973602294,0.5878013200365181
28.30788016319275,-0.46199289321899406,0.3945455360412602,-0.22082385063171373,0.6464261646953653
28.339346170425415,-0.3754698371887206,0.7258863258361821,-0.3409214878082274,0.885503256642149
28.370481729507446,-0.3996531105041503,0.5729055213928227,-0.211284246444702,0.7297837885111796
28.401346921920776,0.014556255340576252,0.3063649940490727,-0.27867564201354966,0.4144050043132835
28.431507349014282,-0.13366952896118156,0.5824575233459477,-0.15832814216613755,0.6182168794822575
28.46282124519348,-0.06184831619262687,0.08847711563110394,-0.302229013442993,0.32092957291746693
28.493772745132446,-0.5797373390197753,0.9046888160705571,-0.07256754875183091,1.0769509205663577
28.52485728263855,-0.2771059608459472,0.622757892608643,-0.19953879356384263,0.7102329452226414
28.55574631690979,-0.36199823379516594,0.5578603553771977,0.015238199234008931,0.6651940319097039
28.587234497070312,-0.09064737319946281,0.20428941726684613,0.013055715560913228,0.22387845806150652
28.61686944961548,-0.28510347366333,0.2979917335510258,0.058135900497436666,0.41648871159527306
28.649569034576416,-0.3399874305725097,0.6864747810363774,0.05317440986633315,0.7678975164765622
28.679338216781616,-0.20332208633422844,0.206437091827393,0.03141251564025893,0.2914496351212409
28.710134744644165,-0.10873094558715812,0.35731981277465863,-0.014970865249633647,0.37379672809685927
28.741225481033325,-0.13854852676391594,0.35994813919067425,-0.03306492805480943,0.3871067638811678
28.772356748580933,-0.30648866653442375,0.4916829872131352,0.02960577964782729,0.5801413317610089
28.803377866744995,-0.23493066787719719,0.2943696784973149,0.050558481216430806,0.38000274518844024
28.83431625366211,-0.04171243667602531,0.34232423782348675,-0.035443391799926616,0.34667282154383783
28.865537643432617,-0.15975061416625969,0.28841112136840863,0.010212812423706197,0.3298568404521603
28.896376609802246,-0.1721293067932128,0.319169025421143,0.06972590446472182,0.3692682856661505
28.927339553833008,-0.18338075637817375,0.4089193153381352,0.04967442512512221,0.4509002736503403
28.958717584609985,-0.19987932205200187,0.21000001907348675,0.0738271808624269,0.29916918963844885
28.989369869232178,-0.21144739151000969,0.39264581680297894,-0.013139333724975444,0.4461539856596622
29.020822286605835,-0.1641775703430175,0.38318918228149457,0.00782528877258315,0.4169525862321413
29.051438808441162,-0.13534990310668937,0.4096402931213383,0.06944457054138198,0.43697518739306374
29.082541465759277,-0.16884485244750969,0.3099489021301274,-0.011983003616332866,0.35315789458167524
29.113154411315918,-0.18414941787719719,0.39420030593872113,0.04902592658996596,0.43784521327142156
29.144671201705933,-0.10834184646606437,0.38156602859497113,0.006640825271606587,0.3967047900312052
29.175416946411133,-0.2936827278137206,0.27323053359985394,0.011342916488647603,0.4012893355944527
29.205657958984375,-0.10043016433715812,0.479203205108643,0.046188268661499166,0.491787846390221
29.23684811592102,-0.23951593399047844,0.46820734024047894,0.04932442665100112,0.5282223917582867
29.268603801727295,-0.2504221534729003,0.3221254158020024,0.09301987648010268,0.4184838537817096
29.300584077835083,-0.29592958450317375,0.35098741531372113,0.0717529392242433,0.4646665137280129
29.331207990646362,-0.29023042678833,0.47864625930786175,-0.01220807075500474,0.5598972934161267
29.360713720321655,-0.1953531837463378,0.25226305007934613,0.010323438644409322,0.31922732687006916
29.39245581626892,-0.22284189224243156,0.24772928237915082,0.010475072860717916,0.3333737143772944
29.423702001571655,-0.2248331642150878,0.41037462234497113,0.028645429611206197,0.46880469604447955
29.45623755455017,-0.2765909767150878,0.3974618721008305,0.050596628189087056,0.48686602567668236
29.48623275756836,-0.25565973281860344,0.4151887702941899,0.029269609451294087,0.48846732132325144
29.517260313034058,-0.22706857681274406,0.36106393814086957,0.02915564537048354,0.427524686607134
29.54851222038269,-0.2679697608947753,0.3008394050598149,0.010819349288940572,0.40302505965483404
29.579185724258423,-0.21321359634399406,0.4184236335754399,0.04934397697448745,0.47220038422694277
29.609625816345215,-0.1835276222229003,0.3677816200256352,0.008695993423462056,0.4111220359565919
29.640966653823853,-0.07680002212524406,0.3586911964416508,0.006730947494506978,0.3668827107637463
29.671799421310425,-0.2827498054504394,0.40382860183715863,0.07131806373596206,0.498107677474522
29.703227519989014,-0.11128679275512687,0.31054018020629925,0.06997433662414565,0.3372185664376631
29.7341730594635,-0.21756044387817375,0.37642381668090863,-0.012324419021606303,0.43494750006099636
29.765166997909546,-0.15442338943481437,0.36345766067504925,-0.012214269638061381,0.3950914358610002
29.79591655731201,-0.24993577957153312,0.3209543037414555,0.11310139656066909,0.42222208007654716
29.82647705078125,-0.22503915786743156,0.30290887832641644,0.05097571372985854,0.3807820039509733
29.85776996612549,-0.20187059402465812,0.37264535903930707,0.09199801445007338,0.4336818361519863
29.889122009277344,-0.24789682388305656,0.35170457839965863,0.09152260780334487,0.439915143519422
29.919393301010132,-0.12772050857543937,0.23330018997192425,0.05067006111145034,0.2707562779415151
29.950280904769897,-0.339638385772705,0.40775011062622113,0.009984884262085103,0.5307674478712043
29.98131799697876,-0.25247446060180656,0.2757901954650883,0.03121701240539565,0.3752040605248875
30.012251138687134,-0.18748918533325187,0.31896112442016644,-0.011079397201537944,0.3701501675680464
30.043460369110107,-0.15779367446899406,0.2907686042785649,0.049421701431274556,0.33449623242854853
30.07353186607361,-0.23856798171997062,0.27949998855590863,0.05178109169006362,0.3711013432491293
30.103862047195435,-0.2862192726135253,0.4738130378723149,0.007943544387817525,0.553609399098903
30.135698795318604,-0.3137175178527831,0.3803739356994633,0.05149022102355971,0.4957360737612967
30.166780471801758,-0.13031259536743156,0.2953061866760258,0.049270544052124166,0.32651906975201933
30.198119640350342,-0.2419363594055175,0.4132108497619633,0.049292001724243306,0.4813586083133679
30.21379327774048,-0.21717706680297844,0.40067003250122113,0.009282979965210103,0.45583826847546427
30.26102924346924,-0.1859976387023925,0.3353586006164555,0.028572950363159322,0.3845476902839862
30.292120218276978,-0.16998735427856437,0.3628244209289555,0.09103480339050307,0.41088270402318666
30.32401156425476,-0.21069589614868156,0.39448068618774457,-0.03301295280456529,0.44843910119650165
30.354856729507446,-0.25984445571899406,0.38867662429809613,0.1545762157440187,0.49242508660445505
30.385635137557983,-0.194008502960205,0.43663690567016644,0.007735643386840962,0.47786078181065045
30.41682457923889,-0.23749605178833,0.40734193801879925,0.008284959793090962,0.4715935428340061
30.44691300392151,-0.28683343887329094,0.44672105789184613,-0.03259095191955552,0.5318790232439242
30.47788119316101,-0.24583498001098625,0.43071840286254925,-0.03378876686096177,0.4970863714963947
30.508801698684692,-0.16606584548950187,0.3044442939758305,0.00796404838562026,0.34688271683563815
30.539637327194214,-0.27774301528930656,0.47870347976684613,0.0704692935943605,0.5579104994733217
30.570690155029297,-0.20199838638305656,0.3133115577697758,0.09183112144470229,0.3839276431819853
30.601182222366333,-0.17515817642211906,0.41782472610473675,0.11104146003723159,0.4664633901596358
30.632697105407715,-0.3005587196350097,0.242295246124268,0.011509332656860494,0.3862317891904578
30.66365647315979,-0.9336535072326659,0.7624158668518071,0.0746659374237062,1.2077093308435647
30.694637060165405,0.023997631072998127,0.6719770240783696,0.07914057731628432,0.6770467030894488
30.724875450134277,-0.7560278511047362,0.7571344184875493,0.08435097694396987,1.0732873457820729
30.757044553756714,-1.0110231971740722,1.0882177162170414,0.06464425086975112,1.486796752176715
30.78723955154419,-0.048422489166259686,0.18161867141723675,-0.1308232212066649,0.22900828472198714
30.818325757980347,-0.20205942153930656,0.549637775421143,-0.07292565345764146,0.5901252790170287
30.848799467086792,-0.14101282119750969,0.36283205032348675,-0.2156330013275145,0.4450048356428702
30.88016963005066,-0.1395060157775878,0.5687837409973149,-0.21372994422912583,0.6234239019489247
30.911736249923706,-0.25992074966430656,0.18162057876586957,-0.17166098594665513,0.3605722186102006
30.941935062408447,-0.35220399856567375,0.39031503677368207,-0.25448760032653794,0.5840868285257335
30.973268032073975,-0.29072633743286125,0.419510822296143,-0.31616791725158677,0.6003942747894239
31.00357437133789,-0.10447755813598625,0.3273649024963383,-0.10925349235534654,0.36058239714708096
31.035768270492554,-0.6648546791076659,0.7329702186584477,-0.3132158184051512,1.037969765778743
31.066409826278687,-0.1323477363586425,0.29491136550903363,-0.39563092231750474,0.5108937888832268
31.09599804878235,-0.26870790481567375,0.46170518875122113,-0.27779063224792466,0.6021156490201294
31.127803087234497,-0.12206521987915031,-0.004227657318114808,-0.39914330482482896,0.41741246840149737
31.15911889076233,-0.5902220344543456,0.8177060890197758,-0.4213357830047606,1.0929451678907223
31.190681219100952,-0.14247385025024406,-0.004490871429442933,-0.7643876934051512,0.7775651173763984
31.2215633392334,-0.3879801368713378,0.3864869880676274,-0.3945089244842528,0.6749356043727507
31.253427982330322,-0.29205575942993156,-0.04880048751831012,-0.522838201522827,0.6008642435441163
31.28452968597412,0.3300374412536622,0.4038419532775883,-0.5742369556427,0.7757326324721158
31.31572127342224,-1.108885440826416,1.033667545318604,-0.5436545276641844,1.6104830829821062
31.346319675445557,-0.5465685462951659,0.1243295478820805,-0.839958038330078,1.00981410092704
31.377590656280518,0.1823781394958497,0.43040941238403363,-0.6566630268096922,0.8060523424775858
31.40759253501892,-0.39668336868286125,0.4156923103332524,-0.6299711132049559,0.8526554962776416
31.439366817474365,-1.2533022499084472,0.9353055763244633,-0.9856987857818602,1.8485575855301468
31.469205141067505,0.3421529197692872,-0.43119337081909137,-0.8188100719451903,0.9866338112308266
31.500637531280518,-0.5268103218078612,0.8504304695129399,-0.8641248607635497,1.3219201464645758
31.532074213027954,-0.4092642402648925,0.9617032814025883,-0.9990049266815184,1.4458150861552288
31.562591075897217,0.2374623680114747,-0.5959634971618648,-0.8552149200439452,1.069089998847987
31.59374451637268,-0.2759462928771972,0.48738954544067425,-0.6853934192657469,0.8851322300822216
31.62477397918701,-0.14622179031372062,0.0688485908508305,-0.8012700939178465,0.8174073059569564
31.65514302253723,-0.3819243049621581,0.6718759346008305,-1.0866266155242919,1.3334319809357897
31.68669557571411,-0.20079675674438469,-0.08228590011596637,-0.4859105014801024,0.5321647511115359
31.718433618545532,0.8850205802917481,-1.1547975730895992,-1.143858995437622,1.8507383023531816
31.748791694641113,-1.5827490425109862,1.254950504302979,-1.1008556747436522,2.3004083368904413
31.779520273208618,0.5394929313659669,-0.33092786788940387,-0.7353497409820555,0.9702088013938271
31.811152458190918,-0.415993366241455,-0.17846395492553668,-0.4361806774139403,0.6286123187735387
31.841441869735718,-1.0170752143859862,1.3040151405334477,-1.0633707904815672,1.9661268820979383
31.87242341041565,1.2019418144226075,-1.218297023773193,-0.6972838306427,1.8480033830780416
31.90259289741516,-1.325102481842041,0.7136277961730961,-0.49955948829650865,1.5857871550753198
31.933937788009644,0.28044828414917,0.11656854629516644,-1.1213918590545653,1.1617913614851145
31.965205907821655,-0.5973517036437987,0.21593568801879925,-0.3544879817962645,0.727405669791135
31.996485710144043,0.2803109550476075,-0.6381845664978023,-0.6207624340057372,0.933380828980549
32.027281761169434,0.18233999252319344,0.4391164588928227,-0.9633489513397215,1.0742962065423445
32.05906677246094,-0.5171991920471191,0.1020822334289555,-0.41835316658020005,0.6730045754849793
32.09098243713379,-0.3070417976379394,0.2169027137756352,-0.3440953159332274,0.5096302965750368
32.12101936340332,0.06286939620971688,-0.18500997543334918,-0.7062264347076415,0.7327598713558824
32.15210843086243,-0.8224760627746581,0.33040330886840863,-0.2601233386993407,0.9237409656849632
32.183183431625366,-1.199928913116455,1.6238336372375493,-0.18189867973327623,2.027252378872861
32.213805198669434,0.7630246543884278,-0.11964895248413043,-0.6896968746185301,1.0354729711072606
32.24479937553406,0.5208104515075684,-1.143364925384521,-0.4651428127288817,1.339733076113449
32.27565288543701,-2.474682483673096,2.2274713325500493,0.14520302772521987,3.332681480668578
32.30579733848572,-0.8978239631652831,1.0048055458068852,-0.19129952430725083,1.3609987368540313
32.336546659469604,1.4768422508239747,-1.934483547210693,-0.35200509071350083,2.459104961593935
32.36846733093262,-0.2551085090637206,0.22170541763305707,-0.18615921974182115,0.3858612428055535
32.39909505844116,-2.034058246612549,2.1340150642395024,0.24332943916320815,2.9581451047873104
32.4306480884552,-0.7603060340881347,0.9062509346008305,0.21621218681335463,1.2025405322326228
32.461387634277344,1.439648952484131,-0.8017549705505367,0.028227243423462056,1.6480888678898462
32.49270296096802,0.12275442123413094,-0.8635530662536617,0.16453495979309096,0.8876172030570055
32.52434229850769,-1.9575754737854003,1.0729074287414555,0.3044776058197023,2.2529843982283664
32.55454778671265,-0.8854490852355956,0.9603795814514164,0.3741540050506593,1.3588010312436474
32.586236238479614,0.18630727767944344,-0.6087217521667476,0.33737030982971206,0.7204660292004589
32.61670994758606,0.6773465538024903,-0.2875948143005367,0.3199991321563722,0.8024391414565353
32.647417306900024,-1.1355234718322753,1.0109071540832524,0.9281963443756105,1.7812622723706275
32.6790292263031,-0.8750330543518066,0.8647069740295414,0.636130247116089,1.3849414025292024
32.709553956985474,-0.04092851638793937,-0.09395696640014606,0.3572115039825441,0.3716222726994537
32.7401442527771,0.5712464714050294,-0.7931986045837398,0.6599887943267824,1.1794370547185675
32.77134919166565,-1.749468479156494,0.8430261421203618,0.9022239780426027,2.1413409682756024
32.80240774154663,-0.8936773872375487,1.2457818794250493,0.7572177982330324,1.7099738470293693
32.83293914794922,1.667828884124756,-1.7854604911804195,0.9566144084930421,2.623858509680647
32.86501693725586,-1.605559024810791,1.2189531135559086,1.1734961605072023,2.3325436145813367
32.89640831947327,-1.241484317779541,1.9045343208312993,0.9213971233367921,2.453060730885028
32.92512488365173,1.2173303031921388,-2.1039438438415523,1.0194257831573488,2.63584933038188
32.957398414611816,-1.6773897743225097,0.7762403297424321,1.363739881515503,2.2969484036338907
32.98750567436218,-0.6064936256408691,0.5337190437316899,0.9258236026763917,1.2287554186483043
33.01920795440674,0.2523263359069825,-1.3948183250427242,1.0733841991424562,1.7780158544388536
33.050158739089966,-1.3756720161437987,1.3148889350891118,1.3241075611114503,2.3183328581145193
33.08071279525757,-0.13947359085083,0.38529489517211957,0.9224142169952394,1.0093329611706237
33.11258578300476,-0.1417948341369628,-0.481032390594482,1.1444739437103273,1.249527328080839
33.144139766693115,0.6202176475524903,-0.3872976493835445,1.0351151561737062,1.2673329420851018
33.17481088638306,-1.9489142036437987,1.9501485633850102,0.9122919178009035,2.904069994976363
33.20617699623108,0.5192140007019044,-0.7482938957214351,1.3127020931243898,1.597721414449964
33.23660683631897,-1.3974043464660644,1.4259824562072758,1.3485077953338624,2.409281666183798
33.26767373085022,-0.033842716217040936,-0.062041301727294496,0.9414996242523195,0.9441482908040575
33.29852914810181,-0.2230021095275878,0.33385751724243207,0.9980782604217531,1.075802489586052
33.32923078536987,-0.109902057647705,-0.086409587860107,0.8754653072357179,0.88655771573129
33.36009860038757,-0.29647890090942375,0.05305383682251019,0.7075432872772218,0.768981112679048
33.39173746109009,-0.27165475845336906,0.14431283950805707,0.6025718784332277,0.6765466518399046
33.422852754592896,0.7657502555847169,-0.01429273605346637,0.734279546737671,1.0610109278368591
33.45295286178589,-0.4777132606506347,-0.5876951408386226,0.886247549057007,1.1657745305917184
33.484726667404175,-0.8468062019348144,0.28382013320922894,0.48177996635437026,1.014764281806661
33.51462960243225,0.42239507675170906,-0.6159830284118648,0.8368205165863039,1.1216600506103902
33.54663395881653,-0.1880137062072753,0.42823312759399457,0.7101945018768312,0.8503581573588922
33.577890157699585,-0.5415636634826659,0.04022500991821332,0.4241670703887941,0.6890768873136719
33.60869908332825,-0.5220705604553222,0.5450048255920414,0.5481604671478273,0.9327742640941966
33.639684200286865,-0.07995477676391594,-0.37093450546264606,0.6474446392059328,0.7504463568481667
33.670692443847656,-0.7591215705871581,1.0060815620422368,0.6652220821380617,1.4251266915527754
33.70210671424866,0.09982236862182625,0.1311483192443852,0.6463893985748292,0.6670709418853653
33.732922315597534,-1.0768152809143066,0.8711271095275883,0.5061992740631105,1.4746631124519485
33.7639319896698,-0.6301867103576659,0.17842958450317425,0.4662379360198976,0.80395909070144
33.79454755783081,-0.11834589004516594,0.01848314285278363,0.30062571525573745,0.3236096366508925
33.825103998184204,-0.8664919471740722,0.6153039741516118,0.27553978919982924,1.0978749703661927
33.85635948181152,-0.3560759162902831,0.014052371978760192,0.3202737903594972,0.4791271523420827
33.88696074485779,-0.44032541275024406,-0.10605337142944293,0.1945542430877687,0.49293522922254074
33.91867923736572,-0.31590524673461906,0.40042589187622113,0.06385985374450698,0.5140185801307162
33.94900870323181,-0.14532724380493156,-0.17865278244018512,0.08324471473693862,0.24488059742901727
33.97932839393616,-0.4229094123840331,0.14745615005493207,0.21291485786438002,0.4959117098551314
34.01128005981445,-0.3963743782043456,0.24548624038696332,0.17580691337585463,0.49828125863507333
34.04312062263489,-0.8015772438049316,0.6548433113098149,0.19584742546081557,1.0534239669823082
34.07422351837158,-0.9153849220275878,0.21625612258911175,0.18647328376770034,0.9588892280090746
34.10483431816101,-0.06159273147583,-0.2537203025817867,0.023626718521118306,0.2621562098080517
34.13656163215637,-0.7232557868957519,0.18290231704711957,-0.1011148357391356,0.7528455358610759
34.16727948188782,-0.2913443183898925,-0.2801809501647945,-0.2469583415985106,0.47367847658343604
34.19867968559265,-0.5484739875793456,0.22466180801391644,-0.20771845817565904,0.6280474511516968
34.229464054107666,-0.5235621070861816,0.6007661628723149,-0.09783753395080552,0.8028757347674806
34.260528564453125,-1.1200701332092284,0.506455402374268,0.15880814552307143,1.2394652899480072
34.291698932647705,-0.5897471046447753,0.8445672798156743,0.1773590183258058,1.0452520073903884
34.321601152420044,-0.6329390144348144,-0.04128362655639606,0.18322220802307143,0.6602170183570034
34.353352546691895,-0.6224257087707519,0.330613117218018,-0.025961008071899272,0.705260781665546
34.38393306732178,-0.7660700416564941,0.1974191474914555,0.011953268051147603,0.7911893004439191
34.414751291275024,-0.7761541938781737,0.3957052040100102,0.04008427619934096,0.8721265334535503
34.445287227630615,-0.51300874710083,0.05095193862915082,0.18290177345275893,0.5470165750543547
34.476757764816284,-0.82849946975708,0.076798419952393,-0.00011261940002427195,0.8320513093422041
34.5077702999115,-0.7354265785217284,0.24489686965942425,0.015303049087524556,0.7752811828469308
34.539278745651245,-0.8790327644348144,0.387497882843018,0.12208310127258315,0.9683787966359367
34.570286989212036,-0.5991331672668456,0.15361688613891644,0.12119809150695815,0.6302758738926534
34.60069918632507,-0.6975275611877441,0.27671144485473675,0.015058431625366353,0.7505602432137836
34.63188362121582,-0.7887846565246581,0.37911508560180707,0.1405672168731691,0.8863795039141287
34.6625874042511,-0.7165781593322753,0.35555170059204144,0.05736771583557143,0.8019927213174165
34.693891525268555,-0.63758150100708,0.2190999794006352,0.10031071662902846,0.6815990106143268
34.72540593147278,-0.65186372756958,0.20255754470825238,0.07774153709411635,0.6870222884513276
34.75555372238159,-0.8829237556457519,0.30931566238403363,0.14281598091125502,0.9463756873902228
34.78691291809082,-0.8261210060119628,0.3191671180725102,0.08026257514953627,0.8892612927607746
34.817399740219116,-0.6690699195861816,0.18561265945434613,0.037741098403930806,0.6953639386346618
34.84823536872864,-0.7878557777404784,0.2612428474426274,0.059197816848755025,0.8321471825216047
34.878376722335815,-0.8889319038391112,0.27039430618286175,0.20495739936828627,0.9514833398620016
34.91040873527527,-0.7764879798889159,0.29567621231079144,0.1017049884796144,0.8370793929610645
34.9412841796875,-0.7414061164855956,0.12826250076293988,0.14349642753601088,0.7659801063864605
34.97223877906799,-0.6905066108703612,0.2934274482727055,0.03602305412292495,0.7511302866239964
35.00373387336731,-0.7710272407531737,0.39628122329711957,0.03687468528747573,0.86768747618965
35.034159898757935,-0.8261400794982909,0.27274415969848675,0.12297907829284682,0.8786470629899324
35.066423416137695,-0.6268488502502441,0.11245058059692425,0.05985203742980971,0.6396615359087473
35.097479581832886,-0.81000581741333,0.16930101394653363,0.10128394126892104,0.8336850090566146
35.12928509712219,-0.7314650154113769,0.28771493911743207,0.14118376731872573,0.7985948980029998
35.15940546989441,-0.8076922035217284,0.24787424087524457,0.16386261940002456,0.8606156476359823
35.19036388397217,-0.7989336585998534,0.23215959548950238,0.10152617454528823,0.838153108172604
35.22106194496155,-0.7833201026916503,0.26373765945434613,0.05923501014709487,0.8286475262271895
35.25250864028931,-0.8274447059631347,0.27906129837036175,0.05929890632629409,0.8752464281367077
35.28306722640991,-0.5989729499816894,0.2836637306213383,0.11878148078918471,0.6733073199202977
35.313584327697754,-0.7036997413635253,0.25878046035766644,-0.004353132247924663,0.749786371187411
35.34451627731323,-0.7673613166809081,0.31107423782348675,0.07874718666076674,0.831752181351336
35.375521421432495,-0.8164221382141112,0.36720941543579144,0.1423105335235597,0.9064436830286574
35.406543254852295,-0.6653601264953612,0.2722291755676274,0.0989278888702394,0.7256717916224081
35.43774604797363,-0.6012140846252441,0.27683160781860394,0.11861315727233901,0.6724308111005296
35.46879029273987,-0.7157236671447753,0.38733575820922894,0.055807504653930806,0.8157228909834405
35.4997820854187,-0.7276770210266112,0.27733324050903363,0.07955256462097182,0.7827874448144775
35.53074383735657,-0.6700712776184081,0.22427652359008832,0.1618856525421144,0.7249154713632531
35.56190872192383,-0.7558275794982909,0.23720643997192425,0.07936898231506362,0.7961417338942409
35.59331274032593,-0.7995764350891112,0.27406785964965863,0.03818884849548354,0.8461052271391353
35.6236298084259,-0.7618967628479003,0.40297792434692425,0.0571650600433351,0.8637972729980242
35.65506553649902,-0.6682154273986816,0.19582078933715863,0.0589036083221437,0.6988041743032157
35.68593978881836,-0.7315470314025878,0.24828813552856488,0.1204284763336183,0.7818638470413034
35.716586112976074,-0.8798643684387206,0.26163194656372113,0.06062642097473159,0.9199392073561142
35.747498750686646,-0.6125589942932128,0.31119821548461957,0.05635252952575698,0.6893826647039185
35.77889585494995,-0.8215586280822753,0.26136110305786175,0.0598506069183351,0.8642050108143008
35.80978798866272,-0.7332731819152831,0.2487783241271977,0.10014286994934096,0.7807744925862983
35.84073305130005,-0.7142473793029784,0.20595262527465863,0.038143548965454244,0.7443256901561148
35.87182402610779,-0.7372576332092284,0.3000325965881352,0.03727475166320815,0.7968423833182104
35.90231704711914,-0.7560583686828612,0.14522645950317425,-0.0019718074798582563,0.7698823737558576
35.93336796760559,-0.7957655525207519,0.3398122596740727,0.09968939781188979,0.8710069818546543
35.96565866470337,-0.6670862770080566,0.2727193641662602,0.07864228248596206,0.7249583168419552
35.99617338180542,-0.69953218460083,0.25532052993774457,0.12031069755554213,0.7543265302549033
36.02778625488281,-0.7504641151428222,0.20076845169067425,0.08042708396911635,0.781007602489979
36.05841779708862,-0.7488619422912597,0.26092050552368207,0.036865148544311666,0.79387200353216
36.08972191810608,-0.6427885627746581,0.20754716873168988,0.0778097248077394,0.6799318472884671
36.12071228027344,-0.7065283393859862,0.37415597915649457,0.11904421806335463,0.8082985320711588
36.15108895301819,-0.6987864112854003,0.134476642608643,0.10125819206237807,0.7187764864435695
36.18204665184021,-0.7844492530822753,0.1895437049865727,0.10235253334045424,0.8134884681681636
36.21350908279419,-0.883156452178955,0.217331867218018,0.06147471427917495,0.911579727741625
36.244568824768066,-0.7448736763000487,0.20096109390258832,0.1429814434051515,0.784643771443765
36.27534556388855,-0.6758390998840331,0.341080646514893,0.0979670619964601,0.7633426763880661
36.30589699745178,-0.8353773689270019,0.30849168777465863,0.07964840888977065,0.8940728935495862
36.337072134017944,-0.7088591194152831,0.274003009796143,0.07919159889221206,0.7640878286497311
36.368244886398315,-0.7180468177795409,0.2871827888488774,0.015951547622680806,0.7735112401289996
36.398415327072144,-0.7050692176818847,0.23254678726196332,0.037846002578735494,0.7433928503150911
36.42979383468628,-0.8401762580871581,0.37215326309204144,0.03788510322570815,0.9196898808456119
36.46146106719971,-0.7824637031555175,0.2739381599426274,0.08039799690246596,0.8329198041435486
36.492417097091675,-0.6880976295471191,0.20415781021118207,0.059606943130493306,0.7202164583845271
36.522773027420044,-0.6949183082580566,0.3484315681457524,0.0971731281280519,0.7834274884524656
36.554511308670044,-0.7092520332336425,0.32601449966430707,0.09947243690490737,0.7869044836199786
36.5844612121582,-0.7445265388488769,0.3339872169494633,0.07824841499328627,0.8197499878529414
36.614758253097534,-0.9519259071350097,0.5757684516906743,0.05988255500793471,1.1141176612150827
36.646342277526855,-0.12245813369750969,-0.5344972801208492,-0.03628310203552232,0.5495450850099405
36.6771445274353,-0.6906057929992675,0.11494157791137738,-0.11297234535217271,0.7091619550365593
36.70888352394104,-0.8969656562805175,0.4564218330383305,-0.09473999977111802,1.0108629708211894
36.73953056335449,-0.9327742195129394,0.4992952156066899,0.16471949577331557,1.0707455202817893
36.77066516876221,-0.6885439491271972,0.2199544715881352,0.4166592693328859,0.8343127028712354
36.80163621902466,-0.9869410133361816,0.4030332374572758,0.2697829341888429,1.0996686709549761
36.83199381828308,-0.5834147071838378,-0.042082805633544496,0.14333811759948745,0.6022370787699463
36.86303639411926,-0.8047720527648925,0.41210268020629925,0.03966990470886245,0.9050195452498495
36.89460468292236,-0.6256052589416503,0.08814714431762738,0.05243006706237807,0.6339564425092369
36.925883293151855,-0.9166170692443847,0.5711889076232914,0.09919539451599135,1.084565971306143
36.95639657974243,-0.5819117164611816,0.18582437515258832,0.0605825519561769,0.6138584443967284
36.98735690116882,-0.5909105873107909,0.1374501991271977,0.09674969673156752,0.6143520027262387
37.01932716369629,-0.9435564613342284,0.4588746833801274,-0.021187391281127788,1.0494349319143532
37.05038905143738,-0.2874704933166503,-0.39261533737182575,-0.10612544059753404,0.49804487429280064
37.08128333091736,-0.4333559608459472,0.09076974868774457,-0.09296187400817857,0.4524140206676434
37.1120343208313,-1.1765085792541503,0.46172235488891644,0.03459063529968276,1.2643403347648217
37.1433744430542,-0.7517229652404784,0.274430255889893,0.10494128227233901,0.8071010187967133
37.174158334732056,-0.5679251289367675,0.10060022354126019,0.39283410072326674,0.6978380813236357
37.20507526397705,-0.8124014472961425,0.46517465591430707,0.29108897209167495,0.9803654225579607
37.23742079734802,-0.8026014900207519,0.4600209999084477,0.20293560981750502,0.9470857056635908
37.267418384552,-0.5276552772521972,0.02543352127075238,0.03810778617858901,0.5296405941615087
37.297853231430054,-0.7697702980041503,0.20264337539672894,0.0760397052764894,0.7996203386983809
37.32888698577881,-0.8230082130432128,0.37102792739868207,0.037461671829223775,0.9035527757151679
37.36025905609131,-0.7463881111145019,0.2732229042053227,0.04062262535095229,0.7958619010141577
37.391480445861816,-0.6191584205627441,0.15380571365356488,0.07780209541320815,0.6427025076634758
37.42308950424194,-0.7593657112121581,0.34797189712524457,-0.004907217025756694,0.835311202685937
37.45319676399231,-0.8523069953918456,0.14351175308227582,0.08365717887878432,0.8683440339200705
37.48421907424927,-1.1953283882141112,0.7414979743957524,-0.14155634880065904,1.4137423391797117
37.51526427268982,-0.6929899787902831,-0.13534261703491168,-0.10441597938537583,0.7137614667664703
37.54614806175232,-0.24824396133422844,-0.18639852523803668,-0.08193835258483873,0.32106598725829283
37.57718634605408,-1.073769245147705,0.45882318496704144,0.1068939304351808,1.1725721381869234
37.60804581642151,-0.6270376777648925,0.42911623001098675,0.39117375373840346,0.854595748766295
37.63878345489502,-0.8575979804992675,0.4277467536926274,0.3927945232391359,1.0357263726185906
37.669543504714966,-0.7720743751525878,0.29089830398559613,0.2903794384002687,0.8746661547554077
37.70041537284851,-0.6513392066955566,0.05883501052856488,0.14159384727478042,0.6691435856591372
37.73145127296448,-0.8399721717834472,0.07465265274047894,-0.023318853378295756,0.8436053798161021
37.762348890304565,-0.8439013099670409,0.22778795242309613,0.07799759864807143,0.8775764340660362
37.7938871383667,-0.8811632728576659,0.49343011856079144,0.12475291252136245,1.0175879738473292
37.82484030723572,-0.48790040969848625,-0.111220378875732,0.10038987159729018,0.5103870186246242
37.85591745376587,-0.8749147987365722,0.4904756355285649,0.03561488151550307,1.0036486805056686
37.887834548950195,-0.8666864967346191,0.33652399063110394,-0.10084780693054185,0.9351813514260804
37.91889405250549,-0.6123510932922362,0.181778888702393,-0.1133824253082274,0.6487472544857895
37.94929099082947,-0.3778044319152831,8.104324340862945e-05,-0.11568125724792466,0.3951181451430668
37.98018956184387,-1.1102415657043456,0.7600583839416508,0.16408625602722182,1.3554517256747514
38.01175904273987,-0.37559572219848625,-0.010079402923583558,0.24543801307678237,0.44879122001235405
38.04283356666565,-0.7305094337463378,0.47313783645629925,0.308613214492798,0.9234422349224237
38.073235750198364,-0.64875093460083,0.29979990005493207,0.09893122673034682,0.7214881446293965
38.10422730445862,-0.6990858650207519,0.28127191543579144,0.16214171409606948,0.7707949614098055
38.13530492782593,-0.5722204780578612,0.13692567825317425,0.055647287368774556,0.5910004547082531
38.16611838340759,-0.6811644172668456,0.2098989295959477,0.05486384391784682,0.7148794061696335
38.19683384895325,-0.6750074958801269,0.536332111358643,0.18354454994201674,0.8814623389471593
38.227468729019165,-0.6010576820373534,0.13554666519165082,0.07984343528747573,0.6213036373136722
38.258638858795166,-0.6351973152160644,0.2291250038146977,0.03511229515075698,0.6761706662533767
38.289336919784546,-0.6879889106750487,0.39055917739868207,0.11967078208923354,0.8001164342444319
38.320706844329834,-0.8188444709777831,0.28705499649047894,-0.021727170944213725,0.8679740253131273
38.351831912994385,-0.20828119277954094,-0.35259153366088825,-0.10831459999084458,0.4235963850721371
38.382405519485474,-0.4404341316223144,-0.177413005828857,-0.19322499275207505,0.5126338817900857
38.41375207901001,-1.0878531074523925,0.5837812232971196,-0.1566725635528563,1.2444963608778983
38.44441556930542,-0.6918894386291503,0.5643853950500493,0.24607745170593276,0.9261727601643478
38.47575330734253,-0.6544920539855956,0.13959024429321332,0.39762631416320815,0.7784291687412164
38.50686049461365,-0.9730536079406737,0.5474672126770024,0.41645279884338393,1.1916319090000806
38.5380072593689,-0.3473879432678222,-0.013434429168700746,0.2036637401580812,0.40291163556059645
38.56840944290161,-1.006182346343994,0.6437654304504399,0.017208967208862447,1.1946267166314928
38.59963917732239,-0.4033266639709472,0.02297685623168988,0.009498510360717916,0.4040922611128525
38.63023924827576,-0.7739988899230956,0.37395570755004925,0.0992335414886476,0.8653117637983557
38.66208481788635,-0.6431681251525878,0.14614007949829144,0.10440245628356948,0.667773938489744
38.69290614128113,-0.4173533058166503,0.141465167999268,0.11633196830749526,0.4557733016351919
38.724791526794434,-1.0133062934875487,0.5742883491516118,-0.06129416465759263,1.1663420283149495
38.75576734542847,-0.15674654006958,-0.2515592765808101,-0.14778717994689927,0.3311987288838865
38.78632187843323,-0.2830721473693847,-0.2788572502136226,-0.15373524665832505,0.42605836768935035
38.817131757736206,-1.141020450592041,0.7365522193908696,-0.010344114303588725,1.3581398459877412
38.84839487075806,-0.8422857856750487,0.41907403945922894,0.2516073322296144,0.9738452879850131
38.879098653793335,-0.5733439064025878,0.40849969863891644,0.3468855953216554,0.7848088015808208
38.910112142562866,-0.6901175117492675,0.301133136749268,0.26800051689147963,0.799229393306799
38.941636085510254,-0.6948992347717284,-0.022759456634521058,0.20972481727600112,0.7262144575358469
38.97223520278931,-0.568825397491455,0.015868167877197692,-0.027153577804565288,0.5696941709116211
39.00268268585205,-0.7151533699035644,0.16424081802368207,0.01615658760070815,0.7339485159821579
39.033921241760254,-0.7984778022766112,0.4962339210510258,0.07701292991638198,0.9432634290082852
39.06450343132019,-0.5893503761291503,0.20721910476684613,0.0832413768768312,0.6302402320133924
39.09671950340271,-0.6977831459045409,0.16074655532836957,0.07758370399475112,0.7202499600027199
39.12756824493408,-0.8667265510559081,0.6331453132629399,0.01827469825744643,1.0735091367140275
39.15787672996521,-0.43727174758911125,-0.06898023605346637,-0.1493793392181395,0.46720342591945463
39.1906304359436,-0.26301446914672844,-0.196913738250732,-0.0933171176910399,0.34155485027529114
39.21998572349548,-0.8851038551330566,0.4855222511291508,0.012933168411255025,1.0096078236414725
39.25084137916565,-0.31782594680786125,-0.03371908187866168,0.1651362514495851,0.3597503168725136
39.282156229019165,-1.0779673194885253,0.6363134193420414,0.28922596931457534,1.2847412077325118
39.312310218811035,-0.7094408607482909,0.22813699722290082,0.3112854099273683,0.807620845963505
39.343729972839355,-0.7388655281066894,0.3271817970275883,0.2042750453948976,0.8334857473896399
39.37484526634216,-0.647987995147705,-0.012738246917724183,0.1035055255889894,0.6563262135687802
39.405019760131836,-0.5935312843322753,0.26758478164672894,-0.051329221725463725,0.653081686968016
39.436668157577515,-0.7269770240783691,0.35710809707641644,0.0994323825836183,0.8160322207129054
39.46776628494263,-0.6151777839660644,0.08921525955200238,0.10389033317565932,0.6302350908587037
39.49842810630798,-0.686134967803955,0.2618703651428227,0.11865941047668471,0.7439336918556948
39.52951192855835,-0.9897734260559081,0.4902314949035649,-0.017686929702758647,1.104667905301926
39.56112098693848,-0.3562990760803222,-0.06151296615600543,-0.1536336803436278,0.392856442427675
39.59234595298767,-0.5562922096252441,0.09040163040161175,0.009096536636352681,0.563663218817569
39.622833013534546,-1.006315860748291,0.6909723091125493,-0.007033910751342631,1.220722662792151
39.65331673622131,-0.86603609085083,0.4597196388244633,0.20692530632019057,1.00208719150221
39.68547248840332,-0.5071074104309081,0.07661340713501019,0.4155058002471925,0.6600550052123203
39.716068506240845,-0.6252619361877441,0.10963724136352582,0.26937762260437026,0.689591993209777
39.74691843986511,-0.6699892616271972,0.3615445899963383,0.20181027412414565,0.7876087150314172
39.77886343002319,-0.5405508613586425,0.17067621231079144,-0.006958570480346538,0.5668986019275922
39.809839963912964,-0.64496675491333,0.22400377273559613,0.07514182090759292,0.6868814296459912
39.83991980552673,-0.8174902534484862,0.4984159278869633,0.07867375373840346,0.9606759657563958
39.87169861793518,-0.6245123481750487,0.19248674392700238,0.12334671974182143,0.6650422790182592
39.902374505996704,-0.4351011848449706,0.19075296401977582,0.07548037528991713,0.48103744281472927
39.93268966674805,-0.8458868598937987,0.5420446205139164,-0.047927942276000834,1.0058001978623183
39.964887857437134,-0.32298151016235344,-0.2513418388366695,-0.08269366264343248,0.4175260682854887
39.99584245681763,-0.42170778274536125,0.21489809036254925,-0.010860052108764506,0.4734306538462463
40.0260910987854,-0.6110598182678222,0.093796710968018,0.05838242530822768,0.6209673357551044
40.05714011192322,-0.7629629707336425,0.25716302871704144,0.24728241920471206,0.8422552540040115
40.08796787261963,-0.7226816749572753,0.2930002021789555,0.28794375419616713,0.8312818579618735
40.119094133377075,-0.7951304054260253,0.3513326454162602,0.1657013034820558,0.8849428859219082
40.15001583099365,-0.6967112159729003,0.45037363052368207,0.12335864067077651,0.8387253899588716
40.180816888809204,-0.4429060554504394,0.07874391555786175,0.11594573020935073,0.46455332368397806
40.211920738220215,-0.6452623939514159,0.4372529792785649,-0.008515920639037944,0.7795038459431896
40.243537187576294,-0.6590010261535644,0.5004071998596196,0.11577740669250502,0.835520272670411
40.273316621780396,-0.4235636329650878,0.13054368972778363,0.14231101036071792,0.46551071928390203
40.30467224121094,-0.6756331062316894,0.4572572517395024,0.03239193916320815,0.8164640385389897
40.33552026748657,-0.9002195930480956,0.5247449684143071,-0.019903745651244975,1.0421846077709842
40.36668848991394,-0.216957721710205,-0.16932394027709918,-0.07202443122863755,0.28447982082118606
40.39772653579712,-0.35842958450317375,-0.06946851730346637,-0.11519536018371568,0.38284149847073234
40.42861247062683,-0.9621855354309081,0.8267850685119633,-0.012881841659545756,1.2686766711622537
40.45953941345215,-0.4220396614074706,0.2454366493225102,0.32805958747863784,0.5882004059572276
40.49096155166626,-0.8390318489074706,0.6214113044738774,0.3667534923553468,1.1066320874454427
40.52131676673889,-0.5177065467834472,0.08399103164672894,0.29139605522155776,0.5999885190386633
40.552406311035156,-0.6159578895568847,0.4106721687316899,0.16187659263610854,0.7577993026663705
40.58324337005615,-0.3311392402648925,-0.07312108993530231,0.09875765800476088,0.35320385792219494
40.61344623565674,-0.6388441658020019,0.36019418716430707,0.01064959526062026,0.7334678824089209
40.646310806274414,-0.7497145271301269,0.3425569343566899,0.14097157478332534,0.8362356787190403
40.67780613899231,-0.5412546730041503,0.1740426826477055,0.1416839694976808,0.5859367061762383
40.708500623703,-0.6353441810607909,0.277115802764893,0.056547555923462056,0.6954516680767652
40.739524126052856,-0.7779394721984862,0.4360933113098149,-0.12497195243835435,0.9005471600476417
40.769871950149536,-0.3799997901916503,-0.07372762680053668,-0.15225371360778794,0.41595287810844606
40.80119705200195,-0.5139052009582519,0.11157892227172894,-0.030948247909545756,0.5267885776247739
40.832146644592285,-0.42634454727172844,0.2509145545959477,0.11697140693664565,0.5083405322587962
40.86344385147095,-0.5585295295715331,0.11359308242797894,0.20420542716979995,0.6054407322475819
40.89391016960144,-0.7044836616516112,0.7721643257141118,0.2446779346466066,1.073500007984406
40.92522120475769,-0.45903078079223625,0.17889116287231488,0.3065976238250734,0.5802701171038539
40.956716775894165,-0.39427248001098625,0.09630105972290082,0.14039364814758315,0.42945903068622815
40.98661208152771,-0.46626535415649406,0.1574392127990727,-0.008661355972289897,0.4922047392099666
41.01784920692444,-0.3765322303771972,0.11890695571899457,-0.009281721115112163,0.3949702963237164
41.04889440536499,-0.910988483428955,0.5245141792297368,0.10170355796813979,1.0561054657829447
41.07983875274658,-0.3908754920959472,0.11973093032836957,0.13985816001892104,0.43206417454172696
41.11086678504944,-0.6913687324523925,0.35947702407836957,0.056751642227172994,0.7813035286932664
41.141782999038696,-0.6384207344055175,0.5669088172912602,-0.12907322883605943,0.8634966934757894
41.17220377922058,-0.26580682754516594,-0.03143789291381793,-0.1346693897247313,0.2996288624437203
41.203059911727905,-0.252907428741455,0.14794443130493207,-0.07819851875305162,0.30325687230782633
41.23527550697327,-1.1031214332580566,0.7065515327453618,0.05941096305847182,1.3113434437513554
41.266247034072876,-0.355873737335205,0.14252565383911175,0.24360838890075698,0.4542078005384928
41.29658842086792,-0.7135111427307128,0.46280954360961957,0.37079850196838393,0.9277835704080072
41.327638149261475,-0.269753131866455,0.19361398696899457,0.2842020130157472,0.4370628242072231
41.359182596206665,-0.6602808570861816,0.03509233474731488,0.1608180141448976,0.6804885861393919
41.38995814323425,-0.35232797622680656,0.37532899856567425,0.007774744033813619,0.5148468768878572
41.420493364334106,-0.6286036109924316,0.3393068122863774,0.01069251060485854,0.7144130054805149
41.452296018600464,-0.5250288581848144,0.5199098396301274,0.11953297615051284,0.7484982803310064
41.48262143135071,-0.5651041603088378,0.08690546035766644,0.059515390396118306,0.5748368053041985
41.51349592208862,-0.44705072402954094,0.35186098098754925,0.02976599693298354,0.5696898405011903
41.544957637786865,-0.7312666511535644,0.4994935798645024,-0.10639771461486802,0.8919446311798013
41.574697732925415,-0.47247568130493156,0.5082158851623539,-0.09767159461975083,0.7007541621363936
41.60564589500427,-0.5286184883117675,0.5287351417541508,0.11701193809509292,0.7567629417245338
41.63809394836426,-0.02912393569946281,-0.050612468719481996,0.17329493522644057,0.18286869659852453
41.66974496841431,-0.7819658851623534,0.41704271316528363,0.07693282127380385,0.8895582775463061
41.70022940635681,-0.4177672004699706,0.15992448806762738,0.19985857963562026,0.48994767835573716
41.73115587234497,-0.8156973457336425,0.48038576126098675,0.2666968441009523,0.9834936939872136
41.76269769668579,-0.6032015419006347,0.18451211929321332,0.2294987773895265,0.6712425129121841
41.793166637420654,-0.33278146743774406,0.07334039688110394,0.07514754295349135,0.34895482816067036
41.824827671051025,-0.5844370460510253,0.09500024795532269,0.05483618736267104,0.5946416697078124
41.854965686798096,-0.48913827896118156,0.46424196243286175,0.03145543098449721,0.6751046583804926
41.88672399520874,-0.4121367073059081,0.2953634071350102,0.09810868263244643,0.5164508896218803
41.91707158088684,-0.6081091499328612,-0.030900020599364808,0.09138766288757338,0.6157136139741926
41.947794675827026,-0.7757326698303222,0.5044755744934086,-0.042420949935912944,0.9263132932739331
41.97895050048828,-0.5142885780334472,-0.026352901458739808,-0.12624224662780748,0.5302115820543676
42.00941514968872,-0.32900873184204094,-0.06361677169799762,0.030565176010131978,0.33649378783881506
42.04043412208557,-0.7893911933898925,0.6164750862121586,0.11861458778381362,1.0085878288760632
42.07177686691284,-0.06724611282348625,0.026871662139893004,0.25805369377136245,0.26802207891342406
42.1020131111145,-0.8147741889953612,0.5162763404846196,0.16421690940856948,0.9784505261549721
42.133787631988525,-0.2712370491027831,0.19879434585571332,0.2218226528167726,0.4028573172388172
42.165690660476685,-1.0443388557434081,-0.1325063896179195,0.16285315513610854,1.0652336546705667
42.19601249694824,-0.22677865982055656,0.2160329627990727,0.04432621955871596,0.3163283346558141
42.227224826812744,-0.7560011482238769,-0.0041113090515132455,0.10221663475036635,0.7628911320743132
42.258965253829956,-0.4597422218322753,0.5900049018859868,0.1393493747711183,0.7608462019579723
42.28905749320984,-0.4418837165832519,-0.10315420150756793,0.08033457756042495,0.4608206295533041
42.31899452209473,-0.4288546180725097,0.40148447036743207,0.047607336044311666,0.5893831706399256
42.35076141357422,-0.5244928932189941,0.02181718826293988,0.05669871330261245,0.5279995538171444
42.38217878341675,-0.38535943984985344,0.5196809577941899,0.003662977218628072,0.6469803808288035
42.411739110946655,-0.3451468086242675,-0.04757406234741168,-0.14936789512634263,0.3790783283257251
42.44363284111023,-0.3563505744934081,0.40938661575317425,0.028355035781860494,0.5434953000291812
42.47399163246155,-0.5690809822082519,0.27664850234985394,0.1850174999237062,0.659256424649426
42.50629925727844,0.0007470512390137518,0.05285928726196332,0.0645503139495851,0.08343503680341054
42.53700494766235,-0.3964945411682128,0.45987985610961957,0.09084979057312026,0.6139634253591787
42.56890821456909,-0.5546137428283691,0.30440614700317425,0.2403329944610597,0.6767713456508263
42.59926128387451,-0.49502435684204094,0.5320825386047368,0.20254317283630385,0.7544432905245657
42.629286766052246,-0.5423037147521972,-0.6047125053405757,0.10167256355285659,0.8186011503343481
42.66085624694824,-0.5676886177062987,0.11522386550903363,0.09373465538024917,0.5867990213653957
42.692952156066895,-0.6316210365295409,-0.024193782806396058,0.16315499305725112,0.6528016733071741
42.72327280044556,-0.42449823379516594,0.5012349891662602,0.007979784011840962,0.6568857905394148
42.754225969314575,-0.4599520301818847,0.2414865303039555,0.05935469627380385,0.5228714893321648
42.785186767578125,-0.6962763404846191,0.5923471260070805,-0.132149782180786,0.9236554687425017
42.816144943237305,-0.10461679458618156,-0.08930685043334918,-0.05483349800109849,0.14807801912116592
42.847042083740234,-0.41290536880493156,0.27444932937622113,-0.07393321037292466,0.5012777648959119
42.87794303894043,-0.2664705848693847,0.12971208572387738,0.02901497840881362,0.2977812397642511
42.90921211242676,-0.5887400245666503,0.36060235977172894,0.13799324989318862,0.7040532759782909
42.93992066383362,-0.5575243568420409,0.42485712051391644,0.2830895519256593,0.7559607633554658
42.97117233276367,-0.43463960647583,0.07126710891723675,0.3288010692596437,0.5496369087653873
43.00246214866638,-0.4054476356506347,0.35254953384399457,0.20099059104919448,0.5736516161910573
43.03289604187012,-0.43058839797973625,0.250840167999268,0.0331009960174562,0.4994225007886653
43.06535267829895,-0.31912103652954094,0.2605600166320805,0.005636129379272603,0.4120212666566843
43.09537649154663,-0.48744073867797844,0.39224908828735394,0.008638772964477681,0.6257255383820652
43.12579798698425,-0.4151560401916503,0.2934694099426274,0.057395849227905416,0.5116376801881166
43.156312465667725,-0.2136332130432128,0.2758798408508305,0.08928671836853042,0.36016795301646093
43.187939167022705,-0.6317850685119628,0.39943788528442425,-0.004304494857787944,0.7474767726632977
43.21920156478882,-0.03631845474243156,0.07836626052856488,-0.09812125205993638,0.13072138711748177
43.250409841537476,-0.2814089393615722,0.23540971755981488,-0.029417123794555522,0.3680680554551577
43.28111696243286,-0.12261072158813469,0.41401002883911175,0.17195979118347182,0.46476646050633696
43.31179356575012,-0.3869444465637206,0.3460225868225102,0.1299199199676515,0.535104495329881
43.34269309043884,-0.07752672195434562,0.17890642166137738,0.19463435173034682,0.27550032886034337
43.3735408782959,-0.6900946235656737,0.3584127235412602,0.3050254917144777,0.8353028315923343
43.40408706665039,-0.7161051368713378,0.19453905105590863,0.12647381782531752,0.752760012244648
43.43624448776245,-0.06262651443481437,0.08860109329223675,0.07120600700378432,0.12977877128504736
43.46730613708496,-0.5645720100402831,0.16226861953735394,0.0779618358612062,0.5925797054053857
43.49881863594055,-0.36633363723754875,0.7131795692443852,0.14920273780822768,0.8155285946726635
43.52907919883728,-0.4403120613098144,0.2622365760803227,0.1433157062530519,0.5321485928084746
43.56051468849182,-0.22796693801879875,0.2534627723693852,0.09158221244812026,0.3529866901792959
43.59182953834534,-0.6522089576721191,0.5867242622375493,-0.13283070564270005,0.8872800463931814
43.62253499031067,-0.2646090126037597,0.07009218215942425,-0.1318746471405028,0.3038449705185832
43.65297532081604,-0.2567698097229003,0.3371248054504399,0.025781068801880025,0.4245568667960732
43.68422865867615,-0.22024408340454094,0.5302324104309086,0.0891923046112062,0.58104142068181
43.71519470214844,-0.20063463211059562,0.18252275466918988,0.06801215171813979,0.2796327311948918
43.7461302280426,-0.3225809669494628,0.5476350593566899,0.29731169700622573,0.7016814687957617
43.777631998062134,-0.6037870979309081,0.4037790107727055,0.3265470600128175,0.7963851653386239
43.80854249000549,-0.5092112159729003,0.6438817787170414,0.1573385334014894,0.8358440174633975
43.839491844177246,0.0007432365417481268,-0.2628755760192867,0.011706266403198384,0.263137145878592
43.87013339996338,-0.3418528175354003,0.3928975868225102,0.008294019699096822,0.5208652929026972
43.90146803855896,-0.39611688613891594,0.5125779914855961,0.10750189781188979,0.6566593050227467
43.93269658088684,-0.3357893562316894,0.47912118911743207,0.13617173194885268,0.6007115332684604
43.962843894958496,-0.38621583938598625,0.036507587432861754,0.11792031288146987,0.4054635356266377
43.994112730026245,-0.7143351173400878,0.488358478546143,-0.1122527980804442,0.872564813701578
44.025275468826294,-0.23991456985473625,0.08613489151001019,-0.25807770729064927,0.3627427785145038
44.055880308151245,-0.6627909278869628,0.4500303077697758,0.03184596061706557,0.8017688302798033
44.08710527420044,-0.19851556777954094,0.177140216827393,-0.0072098636627195845,0.26615609931490264
44.11865305900574,-0.6960054969787597,0.7937669563293461,0.2532090282440187,1.0856355027214635
44.148762464523315,0.01095327377319344,0.16060541152954144,0.21586266517639174,0.2692782253283375
44.17976999282837,-0.6512667274475097,0.3144712257385258,0.28466406822204604,0.7772220621124991
44.210610151290894,-0.23888078689575187,0.4327077674865727,0.11417523384094252,0.5072829845498283
44.24174237251282,-0.08771768569946281,0.14944742202758832,0.026006612777710103,0.17522918776086244
44.273041009902954,-0.312355670928955,0.22800157546997113,0.05039444923400893,0.38998767171779375
44.30392241477966,-0.5889631843566894,0.6156225013732914,0.09101668357849135,0.8568271315815735
44.33541464805603,-0.23471132278442375,0.2662839698791508,0.11739340782165542,0.3738686532163347
44.366665840148926,-0.21101633071899406,0.3467225837707524,0.04752388954162612,0.40865995889484813
44.397716760635376,-0.5610701179504394,0.583786945343018,-0.09196862220764146,0.8149018973352704
44.42848062515259,-0.24277368545532219,0.4104585456848149,-0.07706078529357896,0.4830669153495363
44.46052289009094,-0.46617380142211906,0.39544008255004925,0.11509362220764174,0.6220429357306572
44.48955488204956,0.11374410629272469,0.21588991165161175,0.19085875511169448,0.309795481038793
44.52117347717285,-0.5710798835754394,0.489701251983643,0.11357775688171401,0.7608149949082014
44.552459478378296,-0.012715015411376873,0.19857309341430707,0.13067809104919448,0.2380540033801159
44.583276987075806,-0.43655458450317375,0.4298238563537602,0.23778000831604018,0.6571664820244051
44.61399459838867,-0.2885195350646972,0.4253549385070805,0.2188314533233644,0.5586211155961858
44.64506554603577,-0.092446002960205,0.32608697891235394,-0.015968885421752788,0.33931399408382384
44.67582440376282,-0.14061418533325187,0.17983530044555707,0.07034531593322768,0.23887559079366713
44.70711088180542,-0.5226351356506347,0.5159063148498539,0.05006161689758315,0.7360794632408341
44.73736524581909,-0.22549692153930656,0.20384881973266644,0.24172726631164565,0.3883751719775693
44.768852949142456,-0.3418394660949706,0.17691705703735394,-0.008207406997680522,0.38499510020320843
44.79969573020935,-0.7167269325256347,0.4645814704895024,-0.19145306587219224,0.8753214923453303
44.83112406730652,-0.29537836074829094,0.28301332473754925,-0.17514475822448716,0.4449950609960329
44.86121225357056,-0.5526796913146972,0.6252107429504399,0.13181534767150893,0.8448186788738224
44.8937406539917,-0.03979745864868156,0.07525537490844769,0.07109108924865737,0.11091055918200532
44.923722982406616,-0.281288776397705,0.19498155593872113,0.08898154258728042,0.3536366748582713
44.956117153167725,-0.16633859634399406,0.11954782485961957,0.2579874134063722,0.32942027341750973
44.98685646057129,-0.5494104957580566,0.6412896919250493,0.24173155784606948,0.8783726475005501
45.015530586242676,-0.6829382514953612,0.3984517860412602,0.08241454124450698,0.794959519575402
45.047093868255615,0.09750684738159188,-0.10812093734741168,0.050161752700805806,0.15399325898621918
45.078227519989014,-0.42632928848266594,0.4038839149475102,0.050178442001342916,0.5894037283671915
45.109307289123535,-0.41297212600708,0.46057603836059613,0.1113022899627687,0.6285415369899631
45.140024185180664,-0.33363595962524406,0.3911714363098149,0.09573737144470229,0.5229662421522846
45.171093702316284,-0.12535158157348625,0.2916593360900883,0.04643002510070815,0.320833188062485
45.18739080429077,-0.30721918106079094,0.4602975654602055,-0.17525109291076646,0.5804915327088529
45.23389005661011,-0.42930665969848625,0.4500398445129399,-0.20008000373840318,0.6533544808193041
45.264920711517334,-0.6094729042053222,0.5638704109191899,0.05429783821105971,0.8320789124266041
45.296422243118286,0.14501508712768563,0.2566976356506352,0.19216958045959487,0.35192641176429657
45.32771611213684,-0.2704054450988769,0.4964875984191899,0.02204504966735854,0.5657782466108191
45.358274698257446,-0.2092234230041503,0.3437814521789555,0.1331209278106691,0.4238883213972974
45.38848423957825,-0.5327917671203612,0.5678376960754399,0.2980226612091066,0.8337411005759874
45.41992425918579,-0.3422495460510253,0.4790963935852055,0.1787637805938722,0.6153247885228557
45.451483488082886,0.08885892868042,-0.09440328598022418,0.02722970008850112,0.1324739452760643
45.48220920562744,-0.35891977310180656,0.30399034500122113,0.09072009086608901,0.4790236614867424
45.51268720626831,-0.4102064704895019,0.7244844245910649,0.1504263019561769,0.846034929672949
45.54387450218201,-0.3189818000793456,0.329392414093018,0.1171001529693605,0.47324538779509884
45.57511925697327,-0.20679346084594719,0.11341569900512738,0.09252444267272963,0.25335238053226417
45.60562038421631,-0.2758699989318847,0.6985368537902836,-0.14119347572326646,0.7641947330364969
45.6361882686615,-0.3379122352600097,0.5367517280578618,-0.0938063526153563,0.6411604542565874
45.66757583618164,-0.12363306045532219,0.4480275917053227,0.21608010292053237,0.5125470392510023
45.70022535324097,-0.23634592056274406,0.43520067214965863,0.19493285179138198,0.5322197252204078
45.73025298118591,0.063254680633545,0.10154626846313519,0.0396164989471437,0.12602486361693843
45.76134467124939,-0.20930734634399406,0.622330646514893,0.21181527137756362,0.6899063037934646
45.791794300079346,-0.5272986030578612,0.5467901039123539,0.29901019096374526,0.8163518413180864
45.8233802318573,-0.5187517738342284,0.6752958106994633,0.18067494392395034,0.8705005859655274
45.854389905929565,-0.03463998794555656,-0.1888437461853023,0.05234566688537612,0.1990024072212242
45.884724855422974,-0.24108758926391594,0.46225450515747113,0.128986749649048,0.5370661363561208
45.91575622558594,-0.3386046028137206,0.6359777259826664,0.10739890098571792,0.7284608904571755
45.946229457855225,-0.19969049453735344,0.3968629646301274,0.09217396736145034,0.4537318002551025
45.977591037750244,-0.13805261611938469,0.18413637161254925,-0.01391705513000474,0.2305610821269119
46.00769805908203,-0.48358980178833,0.47295091629028363,-0.21448096275329576,0.7096081658190496
46.03921842575073,-0.2185293769836425,0.47951219558715863,-0.1403466129302977,0.5453294472909777
46.07043766975403,-0.5242277717590331,0.456315021514893,0.03349677085876479,0.6958162036066298
46.10172486305237,0.03149160385131844,0.04192827224731488,0.06948271751403823,0.08704911923683642
46.13264465332031,-0.39643732070922844,0.6543302345275883,-0.01925429344177232,0.7652981986676711
46.16376066207886,-0.08097711563110344,0.123978595733643,0.19434538841247573,0.24433197795870934
46.19590377807617,-0.3301798439025878,0.5260591316223149,0.34000912666320815,0.7080700145444933
46.225894927978516,-0.3299223518371581,0.460373859405518,0.24342289924621596,0.6164799725401683
46.256937742233276,0.049432125091552814,0.14859483718872113,-0.018771257400512553,0.15772228991048082
46.28857064247131,-0.21835962295532219,0.42744920730590863,-0.038508977890014506,0.4815357630973776
46.319571018218994,-0.40339532852172844,0.5802125740051274,0.11285630226135268,0.7156192891942715
46.35032415390015,-0.23893991470336906,0.37691591262817425,0.07321825981140151,0.45223754996748405
46.38136267662048,-0.33558908462524406,0.1565542030334477,-0.01085146903991685,0.3704686310436707
46.41201400756836,-0.0872427558898925,0.4173764991760258,-0.11873396873474107,0.4426196966371932
46.44272184371948,-0.3526884651184081,0.37235162734985394,-0.22055777549743638,0.5582836377237297
46.47342324256897,-0.4595572090148925,0.5486669349670414,0.13873139381408706,0.7290230678883107
46.50514316558838,0.1395009422302247,0.08379457473754925,0.05935088157653823,0.17321827496681602
46.53760266304016,-0.006380710601806561,0.017151813507080504,0.02861681938171401,0.03396793378896218
46.56821823120117,-0.36299196243286125,0.6479158210754399,0.18901244163513198,0.7663444258840768
46.598021268844604,-0.2726809120178222,0.42389390945434613,0.1339143848419191,0.5215112546426494
46.62832570075989,-0.38208261489868156,0.6345624732971196,0.18023959159851088,0.7623273361911993
46.6593279838562,-0.028273258209228436,0.05179117202758832,-0.017897691726684428,0.06166060329659756
46.691022872924805,-0.2116629219055175,0.21513841629028363,-0.03299674034118638,0.30360256182485723
46.721359729766846,-0.348122272491455,0.682755451202393,0.10830775260925307,0.7739991550553948
46.75293207168579,-0.21218553543090812,0.22417924880981488,0.1161851024627687,0.32981512257220424
46.78450918197632,-0.12787500381469719,0.22829530715942425,0.005360040664672994,0.26172407972433803
46.815388202667236,-0.19290796279907219,0.33685968399047894,-0.17768582344055162,0.426919407688618
46.84612059593201,-0.7563768959045409,0.7427587318420414,-0.0718489551544188,1.0625247360615035
46.877225399017334,-0.32374826431274406,0.6354341316223149,0.15094986915588393,0.7289549624457593
46.907307147979736,0.09288534164428719,0.10117624282836957,0.08936396598815932,0.163860419938355
46.938148498535156,-0.2542940711975097,0.4019784736633305,0.06291428565979018,0.47980243358593616
46.96899485588074,-0.16586748123168937,0.3119039344787602,0.19342080116271987,0.4027501607645911
47.00145959854126,-0.3618532752990722,0.6744184303283696,0.2983612155914308,0.8214605449931507
47.031373262405396,-0.386330280303955,0.47183702468872113,0.15892258644104018,0.6301885843364248
47.06285214424133,0.027863826751709064,-0.04919721603393512,0.028814706802368306,0.06345901224290676
47.09328079223633,-0.24139085769653312,0.4422006416320805,0.0846451854705812,0.5108578677701271
47.12428045272827,-0.5112139320373534,0.5858163642883305,0.15535870552063002,0.7928788207274398
47.15614461898804,-0.24850145339965812,0.41520021438598675,0.11432209968566909,0.49720592599490593
47.187456130981445,-0.19663682937622062,0.47524164199829144,-0.0816145801544188,0.5207509967826727
47.2180233001709,0.05967458724975594,0.30620859146118207,-0.1380253696441649,0.34113891673844277
47.249467611312866,-0.3156248664855956,0.5322198677062993,-0.15941246986389146,0.638975257324935
47.28029489517212,-0.16196313858032219,0.4053525733947758,0.07206765174865737,0.44242119461563045
47.31145524978638,-0.22071519851684562,0.3681611824035649,0.08779040336608901,0.4381381175021207
47.34297466278076,-0.3768583869934081,0.7510919380187993,0.08729163169860854,0.8448557108576084
47.37368083000183,0.11201032638549813,0.19153306961059613,0.19056645393371596,0.2924838514111751
47.404905796051025,-0.5773626899719237,0.5954370307922368,0.2224797344207765,0.8587142514470282
47.4348623752594,-0.16029993057250969,0.5009870338439946,0.0912994480133058,0.5338723302709081
47.46672701835632,-0.1296183204650878,0.27543161392211957,-0.06069621086120591,0.31039895773156473
47.496711015701294,-0.3774382209777831,0.5545339393615727,0.0657252407073976,0.6740083885418516
47.527464389801025,-0.2753817176818847,0.7131700325012211,0.06808367729187026,0.7675167573446209
47.55881381034851,-0.18639055252075187,0.2999276924133305,0.09316817283630385,0.3652100315914555
47.58949065208435,-0.3860212898254394,0.48073862075805707,-0.07759150505065904,0.6214036525020442
47.621625900268555,-0.031531009674072186,0.1518544960021977,-0.11698016166686998,0.1942636114941626
47.65225315093994,-0.5353609657287597,0.6649217414855961,-0.01163586616516099,0.8537374768086977
47.68364119529724,-0.21554437637329094,0.39143846511840863,0.050460729598999166,0.4496996057281681
47.71338963508606,-0.24208703994750969,0.38245485305786175,0.07179633140563979,0.4582930969820146
47.744298458099365,-0.19159189224243156,0.7570771980285649,0.0567216014862062,0.7830010708951669
47.775068044662476,-0.20935121536254875,0.30419443130493207,0.17125121116638198,0.40704933452428105
47.806678771972656,-0.4671541786193847,0.6560869026184086,0.2585023975372316,0.8458761965686622
47.83717107772827,-0.31414857864379875,0.6192941474914555,0.13585988044738784,0.7075821349470789
47.86947321891785,-0.22668519973754875,0.3126535224914555,0.023913297653198384,0.38692408908081427
47.90025305747986,-0.3198916053771972,0.4746084022521977,-0.036174383163452006,0.5734913780314753
47.93119955062866,-0.3905550575256347,0.5706395912170414,-0.01247796058654771,0.6916057370522627
47.963167905807495,-0.2574869728088378,0.41587160110473675,0.09243956565856948,0.497788914170275
47.99247336387634,-0.44947877883911125,0.5965585517883305,-0.01705893516540513,0.7471307018236275
48.0230438709259,-0.21772447586059562,0.4697255897521977,-0.1767846012115477,0.5470821439988213
48.0387122631073,-0.7998053169250487,0.444718341827393,0.03644600868225112,0.9158554799138073
48.08620834350586,-0.2507826423645019,0.3779306221008305,0.23900786399841323,0.5126872807920306
48.11748933792114,-0.08848062515258781,-0.081252117156982,0.008852396011352681,0.12045369436022497
48.1481237411499,-0.3022371864318847,0.6058549690246586,0.06239644050598159,0.6799271109037706
48.1791205406189,-0.19147363662719719,0.3274850654602055,0.17086020469665542,0.4160550818962581
48.21039819717407,-0.55689302444458,0.7696256446838383,0.23907032966613784,0.9795958841056455
48.24055027961731,-0.6183039283752441,0.7204332160949711,0.16149703025817885,0.9630187212507415
48.27161502838135,0.17538579940795906,0.08958719253540082,0.08432951927185073,0.21423704516484834
48.30264163017273,-0.5200945472717284,0.4184236335754399,-0.0113321208953856,0.6676114829751251
48.33362555503845,-0.49562326431274406,0.6882352638244633,0.029241476058960103,0.8486255136523151
48.3659827709198,-0.3416067695617675,0.37833688735961957,0.11371890068054213,0.5222700199316279
48.39641261100769,-0.5082213020324706,0.5754174995422368,-0.05627402305603013,0.7697798102639029
48.426661014556885,-0.10493532180786125,0.2843313026428227,-0.05228098869323716,0.3075532688888646
48.45856523513794,-0.7966276741027831,0.9375867652893071,0.03519383430480971,1.230822164069672
48.48953318595886,-0.20762506484985344,0.5471448707580571,0.17271557807922377,0.6101691143133986
48.520522117614746,-0.016110095977783123,-0.012389202117919496,0.10975638389587417,0.11162209157434093
48.551626443862915,-0.4298445320129394,0.3335885810852055,-0.03654583930969224,0.5453285812266889
48.58248233795166,-0.3851362800598144,0.416031818389893,0.15067282676696792,0.586612929329947
48.612624645233154,-0.5600248908996581,0.6800412940979008,0.28133574485778823,0.9247885387699223
48.64328861236572,-0.3786551094055175,0.5552072334289555,0.15993681907653823,0.6908071728254278
48.67417359352112,-0.12728563308715812,0.21312425613403363,0.04351893424987807,0.2520267417980263
48.70553231239319,-0.4574820137023925,0.5380830574035649,0.08932200431823745,0.7118999859400135
48.736873626708984,-0.5099722480773925,0.6950559425354008,0.07227221488952651,0.865099838231358
48.76760196685791,-0.3506991004943847,0.43277452468872113,0.010217103958130025,0.5571247952841538
48.799235820770264,-0.5336824989318847,0.6637658882141118,-0.11827239036560044,0.859878202041221
48.83049416542053,-0.052054080963134686,-0.030827541351317933,-0.09337147712707505,0.1112573475846683
48.859742879867554,-0.76618257522583,0.9085340309143071,0.01296130180358901,1.1885444119819535
48.89170503616333,-0.2223154640197753,0.27501390457153363,0.1344641780853273,0.3783350742902001
48.92324376106262,-0.30572763442993156,0.3783883857727055,-0.016447153091430522,0.48674188825969006
48.95429730415344,-0.4643522834777831,0.5635518836975102,0.0026287174224854937,0.7302196100799613
48.97078561782837,-0.5586687660217284,0.36353395462036175,0.23786965370178237,0.7077073536726645
49.01705718040466,-0.6224581336975097,0.6889772224426274,0.2862128353118898,0.9716282871284756
49.04718828201294,-0.34082284927368156,0.3762025642395024,0.14073458671569838,0.5267777594255911
49.07771158218384,-0.1627432441711425,0.38512514114379925,0.022091779708862447,0.4186821999979033
49.108824253082275,-0.38156000137329094,0.37566659927368207,0.04836598396301284,0.5376362123802204
49.14075779914856,-0.5725981330871581,0.7665300178527836,0.008117113113403462,0.9568190935644958
49.17149567604065,-0.07379594802856437,0.3421468544006352,0.06894770622253432,0.35674093977988136
49.20237493515015,-0.7034308052062987,0.7903337287902836,-0.0540724658966063,1.0594178269903123
49.23345065116882,-0.43086305618286125,0.4436483192443852,-0.05634697914123521,0.6210006331799881
49.26432728767395,-0.30115571975708,0.4687528419494633,0.15575448036193862,0.5785183251470267
49.29575967788696,-0.5363585090637206,0.5091790962219243,0.07328501701354995,0.7431786433914185
49.32615947723389,-0.1425730323791503,0.14186380386352582,0.04958287239074721,0.20714938967550034
49.35647439956665,-0.8742567634582519,0.9505948829650883,0.11131993293762221,1.2962822406563874
49.38825035095215,-0.6027571296691894,0.7140378761291508,0.2539395427703859,0.968324086913313
49.41966915130615,-0.5922037696838378,0.6629419136047368,0.2201885318756105,0.9157948870850913
49.44916534423828,-0.5200564002990722,0.4638051795959477,0.16150990486145034,0.715303679202346
49.48101997375488,-0.38038888931274406,0.2849435615539555,0.02605954170227065,0.4759912185086698
49.511817932128906,-0.6182200050354003,0.6428575325012211,0.04754677772521987,0.8931531099378093
49.54267764091492,-0.5027891731262206,0.6683225440979008,0.07363978385925307,0.8395682183892365
49.5732421875,-0.26673952102661125,0.3073549079895024,0.07266036033630385,0.4133963467508427
49.60589241981506,-0.955544147491455,0.9373101997375493,-0.09437855720520005,1.3418354371521686
49.636462450027466,-0.33157411575317375,0.3251371192932133,-0.051705923080444194,0.4672569347386822
49.66711449623108,-0.8698774909973144,0.865616779327393,0.036707792282104634,1.2277323486864462
49.69830513000488,-0.3568827247619628,0.29303453445434613,0.11550608634948745,0.4760001823530885
49.72940444946289,-0.7312285041809081,0.441056232452393,0.1362675762176515,0.8647511652724044
49.759809494018555,-0.44143739700317375,0.6157331275939946,0.06521931648254409,0.7604260773619421
49.79121780395508,-0.6075960731506347,0.8469209480285649,0.2951826190948488,1.0833193706997808
49.82179570198059,-0.680092487335205,0.6929864692687993,0.26192608833313,1.0056646129147218
49.85237693786621,-0.23132387161254875,0.45674608230590863,0.1150263881683351,0.52474640280298
49.885040521621704,-0.48803964614868156,0.447495441436768,0.09094420433044448,0.668360467577875
49.9161434173584,-0.5183321571350097,0.6113252449035649,0.005545530319214009,0.801509533993924
49.946616649627686,-0.43315187454223625,0.48671434402465863,0.09581223487854018,0.6585524910371439
49.97732758522034,-0.42785898208618156,0.5730237770080571,0.15188113212585463,0.7310864763242679
50.00904846191406,-0.4333101844787597,0.5050973701477055,0.029592905044555806,0.6661507406977201
50.039865493774414,-0.45482126235961906,0.379075031280518,-0.032100286483764506,0.5929508313739538
50.07079720497131,-0.6138483619689941,0.5657129096984868,-0.19419011116027818,0.8570593368979692
50.10168385505676,-0.8990275001525878,0.9988298225402836,-0.05236157417297349,1.3448617753792906
50.132951498031616,-0.29007020950317375,0.3710775184631352,0.23752823829650893,0.5275025261913128
50.16362380981445,-0.3649946784973144,0.4197263526916508,0.09619370460510268,0.5644860983946794
50.19417595863342,-0.17685190200805656,0.047013263702393004,0.003998670578003072,0.18303778728505593
50.224974155426025,-1.0063845252990722,0.5890302467346196,0.07471743583679213,1.1684815529342818
50.256020307540894,-0.6217810249328612,0.6589364814758305,0.21857968330383315,0.9319796175558298
50.28722071647644,-0.9014727210998534,0.7850866127014164,0.22631636619567885,1.2166483279642375
50.31826138496399,-0.15448823928833,0.12742326736450238,0.05075446128845229,0.20658973954418638
50.34899401664734,-0.7801844215393066,0.8041505622863774,-0.03560122489929185,1.120987647412963
50.37981677055359,-0.8867460823059081,0.7111387062072758,0.09587994575500502,1.1407146172242282
50.41125845909119,-0.6804434394836425,0.44566820144653363,0.10022870063781752,0.8195542767556416
50.44179439544678,-0.6587454414367675,0.49289796829223675,0.008390340805053853,0.8227784401521234
50.473448038101196,0.16164907455444344,0.12106225967407269,-0.3107829952239989,0.3706380500462692
50.50425601005554,-0.6427256202697753,0.643143634796143,-0.006356801986694194,0.9092691388480421
50.53563117980957,-0.69782320022583,0.5777540016174321,0.2406372165679933,0.9373703511184711
50.56637740135193,-0.4586245155334472,0.24598405838012738,0.09875622749328627,0.5297144473149216
50.59753227233887,-0.32264963150024406,0.29721925735473675,0.002450857162475728,0.43868904516818674
50.62777376174927,-0.9804731941223144,0.7019681739807133,0.13471642494201674,1.2133571266627927
50.65840268135071,-0.8662726020812987,0.8457841682434086,0.28181401252746596,1.2430600218914327
50.68966555595398,-0.9911142921447753,0.8630571174621586,0.24768868446350112,1.3373573989427767
50.72030448913574,-0.24972978591918937,-0.13675596237182575,0.16285458564758315,0.3280072793185151
50.75173473358154,-0.8168989753723144,0.6558790016174321,0.010144147872924947,1.0476660271589817
50.78278183937073,-0.6443182563781737,0.495224933624268,0.052090082168579244,0.8143138995778594
50.814902782440186,-0.6581923103332519,0.6013307380676274,0.11903420448303237,0.899435887522668
50.84529423713684,-0.44364992141723625,0.38091562271118207,-0.014941778182983256,0.584931808960871
50.876169204711914,-0.525002155303955,0.29792116165161175,-0.06656083106994615,0.6073010998395819
50.90700697898865,-1.0899759864807128,0.6727170753479008,0.04011002540588393,1.2814853603171972
50.93925666809082,-0.7347685432434081,0.2638559150695805,0.14781943321228042,0.7945787191288511
50.969677209854126,-0.4260794258117675,0.35555360794067425,0.11302510261535659,0.5663362243764105
51.001017808914185,-0.3626047706604003,0.29445932388305707,-0.14108857154846177,0.48794927825434276
51.031827211380005,-0.8667837715148925,0.695023517608643,0.1129664516448976,1.1167511879500787
51.06207060813904,-1.0423189735412597,0.8077935981750493,0.20300379753112807,1.3342300707407089
51.0931441783905,-1.291033420562744,0.9735460090637211,0.2538236713409425,1.6367606975079871
51.124369859695435,-0.40321603775024406,0.13390825271606488,0.07335654258728042,0.431156323837231
51.15589761734009,-0.7399107551574706,0.6619462776184086,-0.013962354660034038,0.9928926162472044
51.186283111572266,-0.8434759712219237,0.6275472450256352,-0.008058156967162944,1.0513477981437636
51.21717858314514,-0.7788378334045409,0.6162843513488774,0.18106213569641127,1.0095435946222093
51.24884796142578,-0.7042051887512206,0.4594087409973149,0.030747804641723775,0.841371954999194
51.279298305511475,-0.44837823867797844,0.3516263771057133,-0.1311117076873778,0.5847002940730882
51.30906343460083,-1.298510227203369,0.8152379798889164,-0.02095421791076646,1.5333560751675908
51.340555906295776,-0.5174585914611816,0.650773029327393,0.1763033008575441,0.849912809334115
51.37284564971924,-0.3972975349426269,0.20928285598754925,0.09428397178649917,0.4588399638410221
51.403416872024536,-0.23159662246704094,0.37426088333129925,0.019002828598022603,0.4405329860802608
51.43430256843567,-0.9418856239318847,0.7430333900451664,0.15873757362365737,1.2101424563130962
51.4652795791626,-0.9544931983947753,0.8849191474914555,0.2417511081695558,1.3238514877734968
51.496445655822754,-1.0113474464416503,0.8981160926818852,0.18590584754943862,1.3652828122815062
51.526264667510986,-0.3498579597473144,0.091538410186768,0.07336703300476088,0.36900215998012276
51.55806493759155,-0.754372272491455,0.5801992225646977,-0.011829938888549663,0.951760794959904
51.588059425354004,-0.9090296363830566,0.7419767189025883,0.03354540824890151,1.1738780284300188
51.6188325881958,-0.8358732795715331,0.416611652374268,0.14310542106628432,0.9448431456777611
51.650291204452515,-0.7050520515441894,0.41891954421997113,0.0755523777008058,0.8235897896965356
51.68153214454651,-0.6536070442199706,0.3827657508850102,0.07434836387634292,0.7610778327580047
51.71294665336609,-0.9374205207824706,0.5961236763000493,-0.19238194465637193,1.127444669533424
51.743080377578735,-1.0657679176330566,0.825882892608643,-0.0877176189422606,1.3511617916565066
51.774906158447266,-0.7833162879943847,0.4819631385803227,0.12233916282653823,0.927814499104533
51.807069063186646,-1.140165958404541,0.6770219612121586,0.16975489616394057,1.3368447454509194
51.83875870704651,-0.5886236763000487,0.2168264198303227,0.033317480087280416,0.6281732110785896
51.86921405792236,-0.7212435340881347,0.586075763702393,0.13092270851135268,0.9385189352736759
51.89845681190491,-1.1012102699279784,1.0590505409240727,0.2986063098907472,1.5567330648293531
51.931042432785034,-0.6762491798400878,0.3846139717102055,0.2673095798492433,0.822614898934045
51.961533308029175,-0.9588495826721191,0.7188710975646977,0.10360470771789565,1.2028724423502604
51.993045806884766,-0.7953173255920409,0.27130601882934613,0.03158036231994643,0.8409125540293503
52.02312207221985,-0.8237883186340331,0.6230153846740727,-0.0068627262115477095,1.0328709795853133
52.054840326309204,-1.1188723182678222,0.7312955665588383,0.14182845115661635,1.3441665744289684
52.08549976348877,-0.6246744728088378,0.092728595733643,0.059791479110717916,0.6343436059581434
52.116766691207886,-1.5655924415588378,1.1415490913391118,-0.17132576942443833,1.9451392084558345
52.14754772186279,-0.9032007789611816,0.2993173408508305,-0.06238659858703599,0.9535484284153362
52.1783926486969,-0.9201723670959472,0.42931268692016644,0.12356320381164565,1.0228853472671164
52.209710121154785,-0.9924761390686034,0.3601388740539555,0.2109564876556398,1.0766668634769887
52.24082970619202,-0.4549509620666503,0.23148248672485394,0.02919045448303237,0.5112891571103565
52.27127528190613,-0.8289038276672362,0.21805093765258832,-0.01091393470764146,0.8571737752074376
52.30315971374512,-0.9511210060119628,0.7174310493469243,0.2016672229766847,1.2083079688007379
52.33337688446045,-1.290728244781494,0.8816327857971196,0.35110417366027846,1.6020392977797933
52.3644642829895,-0.85071626663208,0.5381154823303227,0.08336249351501479,1.0100671977453088
52.39544725418091,-0.6889883613586425,0.3979520606994633,-0.013397779464721538,0.7957702590554651
52.4258234500885,-0.8948942756652831,0.5412645149230961,0.013282213211059712,1.0459347288053926
52.4576141834259,-0.9314200019836425,0.6384763526916508,0.09995404243469252,1.1336604798795265
52.48770046234131,-0.5985361671447753,0.277298908233643,0.010098371505737447,0.6597288874947016
52.51912522315979,-1.2122522926330566,0.8452329444885258,-0.08586415290832505,1.4803198992776898
52.549880027770996,-1.6168352699279784,1.2008046913146977,-0.1472102069854735,2.0193461916687716
52.580589294433594,-0.86689058303833,0.24310968399047894,0.24987975120544448,0.9343668933951914
52.61204695701599,-1.2224566078186034,0.6593599128723149,0.14901009559631362,1.396910756380656
52.64302062988281,-0.6325480079650878,0.06588647842407269,0.09584990501403823,0.6431525594374375
52.67385673522949,-1.0857054328918456,0.6542787361145024,0.1353663539886476,1.2748180267530893
52.705092668533325,-0.9406267738342284,0.6926088142395024,0.2810539340972902,1.20144788113659
52.735743284225464,-1.0843702888488769,0.6049947547912602,0.3551534748077394,1.2915152214864312
52.76686954498291,-0.7839953041076659,0.422867755889893,0.1275533771514894,0.8998531212686746
52.79906368255615,-0.8731295204162597,0.31287477493286175,0.011418256759643697,0.9275646396877394
52.829622983932495,-1.080290470123291,0.5176496315002446,-0.002680864334106303,1.1979131136543744
52.85999059677124,-1.0595099067687987,0.6057176399230961,0.020395193099975728,1.2206027469069611
52.89209699630737,-0.80933443069458,0.1729440498352055,-0.0019641780853270063,0.8276084358418979
52.92171859741211,-1.3897024726867675,0.9346113014221196,-0.08470305442810044,1.6768857607980079
52.95361852645874,-1.234362277984619,0.7862901496887211,0.06196919441223159,1.4648353538418544
52.98459005355835,-1.2969023323059081,0.6748170661926274,0.23293629646301284,1.4804030027581117
53.015064001083374,-0.5961557960510253,-0.10737134933471637,0.06300154685974135,0.609015217157921
53.045727252960205,-0.7782751655578612,0.19943712234497113,0.011382970809936666,0.8035029378401919
53.077388286590576,-1.3213011360168456,0.8534459877014164,0.05090657234191909,1.573784681927822
53.10890507698059,-1.1210219001770019,0.7017602729797368,0.202994260787964,1.3380449362117486
53.13985276222229,-1.3686777687072753,0.7728032875061039,0.25118723869323745,1.5917282383045486
53.17095351219177,-0.5872122383117675,0.1352529335021977,0.1249446010589601,0.6154045191399301
53.201268434524536,-0.7743517494201659,0.3004464912414555,0.13872662544250502,0.8421008268230347
53.23293161392212,-0.998634967803955,0.48985956192016644,0.07722655296325698,1.114987950521444
53.263266801834106,-1.099749240875244,0.48355768203735394,0.1672243213653566,1.212946989080363
53.29484009742737,-0.8087774848937987,0.4427633094787602,0.0298971271514894,0.9225259923187181
53.324514389038086,-1.1184336280822753,0.5516767311096196,-0.22816428184509263,1.2677933331513318
53.35532760620117,-1.5610357856750487,0.8268480110168461,-0.11619528770446763,1.7703140123620316
53.387099266052246,-1.0160795783996581,0.35096261978149457,0.20585146903991713,1.0945169242321513
53.41745591163635,-1.2893892860412597,0.7141504096984868,0.12830630302429213,1.4795262910899107
53.44866871833801,-0.5984427070617675,0.15656373977661175,0.050453100204467916,0.6206378924691088
53.480125188827515,-1.0648810005187987,0.5026292610168461,0.02941361427307143,1.1779103870842058
53.511109828948975,-1.1965490913391112,0.7480993080139164,0.24706307411193862,1.432627818110829
53.54227113723755,-1.4749666786193847,0.5479249763488774,0.27824011802673354,1.5978629622167064
53.573384046554565,-0.730202350616455,0.13057420730590863,0.1312021350860597,0.7532988097100004
53.60423493385315,-0.9892641639709472,0.4971647071838383,0.06984272956848159,1.1093666386997154
53.635337829589844,-0.9836050605773925,0.39696596145629925,0.10034934043884292,1.0654252108312863
53.666284799575806,-1.2171064949035644,0.671402912139893,0.04328528404235854,1.3906846177983694
53.69842743873596,-1.0481936073303222,-0.012303371429442933,0.006688032150268697,1.0482871463347854
53.72856521606445,-1.0539576148986816,0.7523164558410649,-0.18991097450256333,1.3087676959524526
53.759193897247314,-1.4428736305236816,0.3060293006896977,0.11539784431457534,1.479477917717485
53.78994655609131,-1.02820650100708,0.6547002601623539,0.18446293830871596,1.2328291102092623
53.82119536399841,-1.0590044593811034,0.5222978401184086,0.10468998908996596,1.185430500956119
53.85299468040466,-0.58918062210083,-0.04003240585327106,-0.00869091987609849,0.5906030232447298
53.883668422698975,-1.6144434547424316,0.8816461372375493,0.03778449058532729,1.839879139398934
53.91424608230591,-1.1628443336486816,0.7031698036193852,0.12230006217956557,1.3644090377266256
53.94534730911255,-1.3959623908996581,0.6133317756652836,0.2552198505401613,1.545970257138462
53.976014614105225,-1.0014311408996581,0.49458787918090863,0.13511553764343276,1.1250500916443382
54.007806062698364,-0.7649866676330566,0.6011323738098149,0.0066565608978272905,0.9729383548311465
54.03821301460266,-1.2369486427307128,0.49062059402465863,0.10284796714782729,1.33466408372328
54.06924057006836,-1.0770269966125487,0.4448079872131352,0.15062991142272963,1.1749598576700682
54.10059905052185,-0.8564116096496581,0.3414182472229008,-0.039856042861938334,0.9228194670855665
54.13121461868286,-0.7590090370178222,0.3155183601379399,-0.25214013099670396,0.8597797389552114
54.161261320114136,-1.1746985054016112,1.0109967994689946,0.014940652847290181,1.5499207496632958
54.19268560409546,-1.3778940773010253,0.5436963844299321,0.19051877021789565,1.493484264566843
54.22326636314392,-0.39797845840454094,-0.23319532394409137,0.03789845466613784,0.462820921447514
54.254600286483765,-0.9618193244934081,0.4551820564270024,0.034217748641967916,1.064639831954542
54.28598594665527,-1.281084690093994,0.5247163581848149,0.09372082710266127,1.3875477768973459
54.31736969947815,-1.0914751625061034,0.6460904884338383,0.28872147560119643,1.3008116850973215
54.34821963310242,-1.4156614875793456,1.008124332427979,0.33339968681335463,1.7696235385572738
54.37868142127991,-0.6664949989318847,-0.246748943328857,0.14680472373962417,0.7257081035425937
54.41054844856262,-1.3195234870910644,0.30356882095336957,0.03309527397155776,1.3543971201974825
54.44275403022766,-1.0995298957824706,0.2438955116271977,0.08291092872619643,1.129302986099631
54.47203183174133,-1.0980745887756347,0.7168531227111821,0.11627331733703627,1.3164975071682101
54.501776695251465,-0.9718367195129394,0.05579851150512738,0.004461202621460103,0.9734474744991068
54.533899545669556,-1.0434843635559081,0.7725915718078618,-0.12653216361999498,1.3045182031097067
54.5487699508667,-1.582274112701416,0.5106210517883305,0.05079737663269057,1.6634018154755146
54.56617736816406,-1.300453815460205,0.28037546157836957,0.2117523288726808,1.3470818736748307
54.5965576171875,-1.0346323585510253,0.5848798561096196,0.20417872428894057,1.2059177065189506
54.62778949737549,-0.9527689552307128,0.34175966262817425,0.1893347835540773,1.0297650262630873
54.65829253196716,-0.9447847938537597,0.348069171905518,-0.02946576118469224,1.007292750996689
54.68930912017822,-1.1248079872131347,0.6147031593322758,0.011826429367065572,1.2818708385103075
54.721322536468506,-1.3929354286193847,0.5503778266906743,0.27365103721618667,1.5225208539081867
54.7507643699646,-1.2333380317687987,0.8478631782531743,0.33166447639465346,1.5329696652403295
54.782655477523804,-0.6725050544738769,0.13656328201293988,0.13610163688659682,0.6995971939982814
54.81293439865112,-0.8728129005432128,0.7173585700988774,0.010660562515258931,1.1298315471972378
54.84429097175598,-1.0882784461975097,0.5678224372863774,0.09859887123107924,1.2314601228427784
54.87583613395691,-0.9248682594299316,0.3249501991271977,0.14985457420349135,0.9916805547269072
54.907163858413696,-1.0564219093322753,0.4033651161193852,-0.11398657798767076,1.1365401917136915
54.936960220336914,-1.165077838897705,0.40794847488403363,-0.1653524303436278,1.2454596561395717
54.96882486343384,-1.1735998725891112,0.5122709083557133,0.06909171104431167,1.282393001003903
54.999348163604736,-1.5193373298645019,0.7069005775451664,0.1735738849639894,1.6847024194186273
55.02962327003479,-0.8087126350402831,0.127274494171143,0.10521641731262221,0.8254001559319106
55.060981035232544,-0.4776560401916503,-0.04871465682983356,0.007706079483032369,0.4801955790952419
55.091384410858154,-1.643095645904541,0.8893327522277836,-0.028247442245483256,1.868548624941004
55.122416496276855,-0.821999225616455,0.46640489578247113,0.17803421974182143,0.961723680234083
55.1534526348114,-1.6974131202697753,1.033860187530518,0.2585953807830812,2.0042329603084963
55.18543100357056,-0.6119505500793456,-0.3792886924743648,0.1756323909759523,0.741073629770522
55.216184854507446,-0.9482466316223144,0.2496022987365727,0.07761946678161635,0.9836146417886982
55.24685978889465,-1.1222902870178222,0.48500535964965863,-0.000768747329711772,1.2226063463747836
55.27848243713379,-1.3890120124816894,0.14294717788696332,0.11141959190368667,1.4007864191033064
55.30936861038208,-1.0841509437561034,0.5170526313781743,0.03324309349060073,1.2015955208501607
55.33962106704712,-1.4129034614562987,0.17815874099731488,-0.0690709018707274,1.4257655900863138
55.37094020843506,-1.2960516548156737,0.9285726356506352,0.14177742958068862,1.6006554504852444
55.40339946746826,-1.2509428596496581,0.4949178504943852,0.1703070735931398,1.356025890668134
55.43339920043945,-0.8271776771545409,-0.016316432952880433,0.12593308448791518,0.8368681361694494
55.46349620819092,-0.4351564979553222,-0.1395559501647945,0.07363072395324721,0.46288068057439835
55.49459218978882,-1.7122923469543456,0.7530240821838383,0.12751666069030776,1.8749002236228038
55.525359869003296,-1.1485487556457519,0.6557378578186039,0.24645653724670424,1.3453242014561295
55.55706977844238,-1.3090921974182128,0.6530179786682133,0.3173455333709718,1.4969512514960768
55.589216232299805,-0.7604128456115722,-0.24546339035034137,0.09948721885681167,0.8052190251659705
55.61979913711548,-1.2139956092834472,0.5538892555236821,-0.011213865280151225,1.3344303644321753
55.650426149368286,-1.2811438179016112,0.3017282295227055,0.13059464454650893,1.3226580691254457
55.68125677108765,-0.4651724433898925,0.5595102119445805,0.04885664939880385,0.7292626766468101
55.71262192726135,-1.1108194923400878,0.2344980049133305,-0.10129984855651841,1.1398117906867766
55.74341106414795,-1.2140871620178222,0.9574708747863774,-0.1832514667510985,1.5570289698997604
55.77452373504639,-1.3037745094299316,0.2198495674133305,0.11115208625793471,1.3268445990433766
55.80548858642578,-0.9281794166564941,0.8261155891418461,0.10102168083190932,1.2466713184019569
55.8362135887146,-0.9569231605529784,0.2022847938537602,0.061510953903198384,0.9800023828936545
55.868805170059204,-0.9031511878967284,0.40979860305786175,0.13493195533752456,1.000911382610196
55.898417949676514,-1.3940016365051269,0.7541303443908696,0.03755417823791518,1.5853590934590145
55.92899465560913,-1.3520723915100097,0.7549962806701664,0.1871999835968019,1.5598599198543517
55.960529804229736,-1.6422697639465331,0.7280206489562993,0.1747192478179933,1.8048797351729111
55.99092769622803,-0.5429598426818847,-0.08300497055053668,0.09477082252502456,0.5573838217093335
56.02224278450012,-1.2447325325012206,0.3381528663635258,0.12809601783752456,1.2961925120454145
56.05368113517761,-0.8944193458557128,0.5962400245666508,0.09889403343200698,1.0794758742022226
56.084782123565674,-1.2394014930725097,0.057694416046143004,0.11635914802551284,1.246187850206579
56.11572313308716,-1.2564531898498534,0.4374513435363774,-0.028030481338500834,1.330723113246975
56.14608120918274,-0.7931257820129394,0.16709230422973675,-0.10544356346130357,0.8173657010799128
56.17679262161255,-1.5166079139709472,1.0524072456359868,0.13042489051818862,1.8505867251909902
56.20862126350403,-1.0956694221496581,0.44993112564086957,0.16775742530822768,1.196274238709616
56.23870372772217,-0.8881899452209472,0.28917978286743207,0.08232775688171401,0.9377015437568709
56.27012395858765,-0.9073053932189941,0.18651865005493207,-0.00778445243835435,0.9263114384926662
56.301507234573364,-1.299782428741455,0.6629533576965336,0.014074239730835103,1.4591571542401267
56.332107067108154,-1.0705992317199706,0.6020211982727055,0.3325423336029054,1.272476578081955
56.36287045478821,-1.5375582313537597,0.8575238990783696,0.2566007709503175,1.7791223982476778
56.39311623573303,-0.5451590156555175,-0.26914312362670856,0.06181040763854995,0.6111112008779402
56.42426323890686,-1.0979734992980956,0.5970868873596196,-0.02826460838317857,1.250142969545787
56.455711364746094,-1.2157999610900878,0.457901935577393,0.12539616584777846,1.3052080012019178
56.48704123497009,-0.9507376289367675,-0.018126506805419496,0.041453275680542134,0.9518135234329888
56.51899194717407,-1.3028894996643066,0.5662736701965336,-0.06723793983459458,1.4222193425933147
56.54959726333618,-1.5036741828918456,0.263596515655518,-0.11267527580261216,1.5307563127873698
56.5808629989624,-1.133787784576416,0.3842916297912602,0.24755755424499526,1.2224727153789912
56.61105179786682,-1.3385416603088378,0.7614621925354008,0.1345719432830812,1.5458421830711389
56.642247676849365,-0.8472525215148925,-0.024708766937255433,0.04455128669738784,0.8487827610898421
56.67432451248169,-0.5638414955139159,-0.37070562362670856,0.033522043228149556,0.6756209135558388
56.70517301559448,-1.537005100250244,0.9049691963195805,0.09875336647033706,1.7863667461839394
56.736056089401245,-0.9851080513000487,0.39870164871215863,0.2658161258697511,1.0954720855386395
56.7665069103241,-1.7979151344299316,0.9545736122131352,0.323355588912964,2.0611328071298756
56.79718065261841,-0.6230379676818847,-0.3783750724792476,0.0719970798492433,0.7324804326080441
56.82779335975647,-1.1021772956848144,0.5504541206359868,0.011824998855590962,1.2320447884091565
56.85895490646362,-1.1407934761047362,0.35982606887817425,0.08494606971740737,1.199208234514708
56.890158891677856,-0.60327974319458,0.21660707473754925,0.08015290260314956,0.645979536185928
56.921865940093994,-1.6201368904113769,0.691452960968018,-0.09987267494201646,1.7643484043984505
56.95285487174988,-0.8191229438781737,0.5597314643859868,-0.09995850563049302,0.997122566317305
56.983935594558716,-1.2056643104553222,0.27439210891723675,0.15208045005798354,1.2458113509803943
57.014723777770996,-1.16797700881958,0.7838010597229008,0.2768591976165773,1.4335848107659241
57.045734167099,-0.7014395332336425,-0.016953487396239808,0.09623518943786635,0.7082132808724125
57.07687497138977,-0.6089598274230956,-0.22955610275268512,-0.13340529441833482,0.6643229999819442
57.10787487030029,-1.1375834083557128,0.7196111488342289,0.008778486251831197,1.3461104257502774
57.137787103652954,-1.183622989654541,0.6024503517150883,0.2933701610565187,1.3601381765536598
57.16948580741882,-1.6598745918273925,0.7863263893127446,0.30183115959167495,1.8613422307636567
57.20020651817322,-0.6067396736145019,-0.07225324630737262,0.13813630104064956,0.6264464867847684
57.23091435432434,-1.0902830696105956,0.3293905067443852,0.06166735649108901,1.1406218219328546
57.262059926986694,-0.9460379219055175,0.4016122627258305,0.01868811607360854,1.0279248050988223
57.292978048324585,-0.7599302864074706,-0.2629080009460445,0.06869355201721206,0.8070523286934541
57.322667598724365,-1.4934794044494628,0.6227140235900883,-0.0862370395660399,1.6203981960257774
57.35502815246582,-1.4267241096496581,0.5282602119445805,-0.09333571434020982,1.5242414809178828
57.38693714141846,-0.8617731666564941,0.058777790069580504,0.2098754978179933,0.8889069377381277
57.41783165931702,-1.2861696815490722,0.5388383674621586,0.07356015205383315,1.396420542657372
57.44923186302185,-0.7626597023010253,0.02723405838012738,0.01787606239318862,0.7633551395362619
57.47983765602112,-0.668434772491455,0.09987543106079144,0.00733700752258315,0.6758949463375714
57.511605739593506,-1.3149077033996581,0.9350023078918461,-0.028631772994994975,1.6137011379582278
57.541924476623535,-1.3820864295959472,0.7857179450988774,0.21113339424133315,1.6037745783892268
57.573760986328125,-1.692106876373291,0.7020215797424321,0.18011752128601088,1.8407884997924264
57.6042582988739,-0.5137125587463378,-0.24686147689819293,0.1017202472686769,0.5789543941403911
57.633522033691406,-1.1924025154113769,0.5694780158996586,0.07612458229064956,1.3236026297123002
57.66538166999817,-0.9248587226867675,0.41802118301391644,0.061375055313110494,1.016795094300145
57.69635224342346,-0.7345282173156737,0.1537790107727055,0.01761857032775893,0.7506597766016024
57.72715497016907,-1.6909109687805175,0.7814512062072758,-0.10129269599914537,1.8655042487991953
57.757874727249146,-1.0694605445861816,0.26616380691528363,-0.041107263565063334,1.1028503233240747
57.788930892944336,-1.261675510406494,0.5375051307678227,0.23416319847106948,1.391247376522027
57.820414543151855,-1.2120386695861816,0.5044297981262211,0.17498150825500502,1.324426549885307
57.85114932060242,-0.7560564613342284,0.2203206825256352,0.05616942405700698,0.7895046422109836
57.88266611099243,-0.7625776863098144,0.11920831680297894,0.07200327873229995,0.775190184793919
57.914005279541016,-1.3491751289367675,0.9078950691223149,0.012730512619018697,1.626256145577842
57.94390940666199,-1.0075499153137206,0.5245542335510258,0.2260812854766847,1.1581997769934942
57.97566270828247,-1.3944326972961425,0.7081689643859868,0.21867123603820815,1.579165266486885
58.00693988800049,-0.643166217803955,-0.2746877861022945,0.12226477622985854,0.7099752383460719
58.0377779006958,-1.0875555610656737,0.4646119880676274,0.09886065483093276,1.1867665427263385
58.06865358352661,-1.1986662483215331,0.48174188613891644,0.023739728927612447,1.2920679527236392
58.099539041519165,-0.6694361305236816,-0.23283102035522418,0.08765784263610854,0.7141700877702672
58.1298828125,-1.3503347969055175,0.6506185340881352,-0.15082320213317857,1.5064714331624627
58.160573959350586,-0.6721426582336425,0.049080829620361754,0.05062905311584487,0.6758313264957589
58.19143533706665,-1.059691104888916,0.274308185577393,0.16571799278259292,1.1070919887648651
58.2220721244812,-1.1051832771301269,0.3058004188537602,0.2379802799224855,1.171144135386933
58.25338697433472,-0.6398493385314941,0.026980381011963317,0.016416940689087056,0.6406283110512133
58.28494215011597,-0.7500864601135253,0.0009050178527836295,0.0515345668792726,0.7518552575372385
58.30023980140686,-1.2889601325988769,0.6545800971984868,0.122761163711548,1.4508492790064405
58.34751057624817,-1.0572649574279784,0.4110078620910649,0.270527276992798,1.1661567907031158
58.37826895713806,-1.8496843910217284,0.6104421424865727,0.2872680759429933,1.9688816376737859
58.409032344818115,-0.4047209358215331,-0.33815862655639606,0.11569491386413588,0.539940372356796
58.440335512161255,-1.3796297645568847,0.645310382843018,0.020441923141479634,1.5232273795064248
58.47152233123779,-0.975990924835205,0.5211133766174321,0.08046236991882338,1.1093203458078527
58.50316119194031,-0.6770121192932128,-0.020962734222411683,0.03454915046691909,0.6782171405191354
58.53419017791748,-1.4325663185119628,1.1502294349670414,-0.0881300830841063,1.8393044667873586
58.56476664543152,-0.9449583625793456,0.47474191665649457,-0.026593294143676616,1.057843749205303
58.59501385688782,-1.0104014015197753,0.34055421829223675,0.3168362712860109,1.112327915046721
58.62571048736572,-0.9683691596984862,0.29854486465454144,0.1062063312530519,1.0188953088835888
58.657328367233276,-0.4244886970520019,-0.224989910125732,-0.02421339988708482,0.4810378387584318
58.68899631500244,-0.8609778022766112,0.02632616043090863,-0.050637807846069194,0.8628673306595591
58.71980667114258,-1.2830168342590331,0.8545579719543461,0.1600407695770265,1.5498434025247851
58.75036573410034,-0.9667154884338378,0.49416254043579144,0.26759329795837417,1.1181867576840947
58.782078981399536,-0.9830900764465331,1.1177682685852055,0.2283820247650148,1.5059981241354141
58.81264591217041,-0.4836088752746581,-0.2452993583679195,0.0007785892486573687,0.5422637049087381
58.842743158340454,-0.8038012123107909,0.5998925971984868,-0.0351668262481688,1.003595647038294
58.87431716918945,-1.0325724220275878,0.26931093215942425,0.10346499443054213,1.0721190185725693
58.90584921836853,-0.5184465980529784,0.21796319961547894,0.06972971916198745,0.5667072129007477
58.93650555610657,-1.3772532081604003,0.8089971351623539,-0.14405545234680162,1.603762681147012
58.967710733413696,-0.7635161018371581,0.07372949600219769,0.0021132564544679155,0.7670706239963762
58.99774408340454,-0.6822496986389159,0.03581712722778363,0.14287892341613784,0.6979698450880937
59.02909541130066,-0.9977232551574706,0.3977632331848149,0.049172792434692525,1.0752140470954992
59.060558557510376,-0.4625765419006347,-0.03509046554565387,0.011604700088501119,0.4640507159278007
59.091267347335815,-0.5159613227844237,0.01069353103637738,0.024826917648315572,0.5166689598334648
59.12251687049866,-1.2835451698303222,0.6913404273986821,0.07828560829162612,1.4599891869517847
59.15282917022705,-0.73224702835083,0.09973047256469769,0.22916451454162612,0.7737236279264698
59.18346881866455,-1.4676405525207519,0.9434804725646977,0.18101588249206557,1.7541068790779837
59.21475100517273,-0.49969545364379875,-0.18021680831909137,0.13749018669128432,0.5487050171352602
59.246724128723145,-0.9212614631652831,0.5307111549377446,-0.029537763595580913,1.0636021309526515
59.27703833580017,-1.026283893585205,0.42011545181274457,0.10207596778869643,1.113631503812744
59.30870795249939,-0.4919630622863769,0.07808397293090863,0.09591618537902846,0.5072717970679314
59.33996224403381,-1.0762220954895019,0.5745153236389164,-0.1258626842498778,1.226443342026988
59.37119770050049,-1.2395331001281737,0.8176526832580571,0.05990687370300307,1.486131572327743
59.40101218223572,-0.7940775489807128,0.49823854446411175,0.20526925086975112,0.959654243119657
59.43212056159973,-0.9459940528869628,0.132767658233643,0.04824009895324721,0.9564826743424923
59.46307301521301,-0.2738291358947753,-0.21443464279174762,0.03354826927185073,0.34941393513316027
59.49393820762634,-0.7577711677551269,0.08640001296997113,-0.012327756881713725,0.7627804916959495
59.52485680580139,-0.9450365638732909,0.6040849494934086,0.07504931449890151,1.1241197146517117
59.55598974227905,-0.879128131866455,0.48406503677368207,0.33265200614929213,1.0572807523363215
59.587576389312744,-1.2805582618713378,0.5573262977600102,0.2823523616790773,1.4248385594050905
59.61861038208008,-0.2664534187316894,-0.23937131881713825,0.051682863235473775,0.3618938670083782
59.64930582046509,-0.9339701271057128,0.6083249855041508,0.052714262008667134,1.115857643130881
59.68029427528381,-0.7897268867492675,0.5028772163391118,0.037643346786499166,0.9370011056156512
59.710840940475464,-0.45875421524047844,0.02106950759887738,-0.007518377304077006,0.4592993361073504
59.742844104766846,-1.115538272857666,0.48824213027954144,-0.08151396751403794,1.2204304744187802
59.77302360534668,-1.2150198554992675,0.8626508522033696,0.09960356712341323,1.4934391894711914
59.80483913421631,-0.7745501136779784,0.38794992446899457,0.2490142917633058,0.9013551686191458
59.83472228050232,-0.6742197608947753,0.19475267410278363,0.14919701576232924,0.7174682150197162
59.864882946014404,-0.3306795692443847,-0.1484976005554195,0.012880716323852681,0.36272086752678606
59.896724462509155,-0.5332323646545409,0.13030336380004925,-0.06170329093933091,0.5523794143932457
59.928297996520996,-0.9912249183654784,0.5084562110900883,0.09684220314025893,1.118227601919125
59.95832133293152,-0.6401354408264159,0.40323541641235394,0.267076406478882,0.802310407852813
59.990060806274414,-1.3205763435363769,0.7377633857727055,0.15538111686706557,1.5206445948917746
60.02092909812927,-0.4005648231506347,0.036171894073486754,0.1744422054290773,0.43839555939986796
60.05179786682129,-0.7214247322082519,0.6147260475158696,0.11282053947448745,0.9544999904994999
60.08295154571533,-0.5872313117980956,0.39227960586547894,0.07702914237976088,0.7103924207857578
60.11367392539978,-0.4155317878723144,0.06060693740844769,-0.00952252388000474,0.42003636277760387
60.144445180892944,-0.6901690101623534,0.7577714729309086,-0.15591391563415513,1.0367545596064365
60.17577934265137,-1.080473575592041,0.5647210884094243,0.1530813312530519,1.2287257420698816
60.2065863609314,-0.7930723762512206,0.6760625648498539,0.2834347820281984,1.079981324480888
60.23823356628418,-0.7366510963439941,0.40563486099243207,0.16630307197570815,0.8572346177947526
60.27029299736023,0.016846981048584064,-0.13454153060913043,0.08684817314147963,0.16102127004564135
60.30073046684265,-0.4054171180725097,0.21152780532836957,-0.017375078201293803,0.45761222164159576
60.331502199172974,-0.9513441658020019,0.6219568061828618,0.011783990859985494,1.136672711471196
60.36277937889099,-0.5938212013244628,0.7939214515686039,0.30024615287780776,1.0358970232224587
60.39373850822449,-1.5685278511047362,0.33269784927368207,0.2424687480926515,1.6216530369978015
60.42448830604553,-0.026510868072509686,0.08513353347778363,0.019144926071167134,0.09119798705367008
60.45515727996826,-0.9679113960266112,0.456376056671143,0.0573939418792726,1.0716462290445141
60.486801862716675,-0.6175448036193847,0.4029512214660649,0.05661717414855971,0.7395517397497394
60.51838445663452,-0.5146814918518066,0.03137109756469769,-0.071940984725952,0.520631048920975
60.5492479801178,-0.8309599494934081,0.6604718971252446,-0.11068972587585435,1.0672252714252877
60.57951211929321,-0.8856569862365722,0.7553643989562993,0.0392970180511476,1.1646922031626945
60.61071276664734,-0.788735065460205,0.6752919960021977,0.2657860851287843,1.0718043321424071
60.64118528366089,-0.47253671646118156,0.3076791572570805,0.04035130500793471,0.5653190603811141
60.67151618003845,-0.09347215652465812,-0.2525949668884273,0.06783524513244643,0.2777460743645443
60.70417070388794,-0.3649641609191894,0.2412557411193852,-0.042708005905151225,0.4395760971059575
60.73529076576233,-0.7547251319885253,0.7408723640441899,0.11221638679504409,1.0635292201556374
60.76431727409363,-0.6234079933166503,0.4099263954162602,0.267388734817505,0.7925742307805413
60.79564142227173,-1.1687361335754394,0.744584064483643,0.13026515007019057,1.391875924186728
60.82648730278015,-0.1388956642150878,-0.09644414901733356,0.13062849998474135,0.21367565239327488
60.85823392868042,-0.7324282264709472,0.491349201202393,0.0951899623870851,0.8870942866419902
60.8891077041626,-0.4678560829162597,0.25066278457641644,0.07572260856628432,0.5361483557201605
60.91919946670532,-0.35228219985961906,0.053071002960205504,-0.13703640937805162,0.38170441075309003
60.95128154754639,-0.7384687995910644,0.407700519561768,-0.15202912330627427,0.8571281910856028
60.982309103012085,-0.5166880226135253,0.5122995185852055,0.13793459892272963,0.7405695531379092
61.01262331008911,-0.31227365493774406,0.259507160186768,0.16008130073547377,0.43644567199313516
61.04387164115906,-0.3648497200012206,0.0027894783020023795,0.12504569053649917,0.38569356242477826
61.07457184791565,-0.08877054214477531,0.08904741287231488,0.06419030189514174,0.14117381396462758
61.10633397102356,-0.3215223884582519,0.0753183174133305,0.021163377761840962,0.33090388903148993
61.137062549591064,-0.441933307647705,0.5930223274230961,0.11261979103088393,0.7481067748407221
61.16728901863098,-0.6335035896301269,0.6480779457092289,0.310174379348755,0.9578830656157024
61.19963717460632,-0.8277823066711425,0.596299152374268,0.14870825767517104,1.0309754469728427
61.231274127960205,-0.0639578437805175,-0.2832060050964351,0.13052311897277846,0.31832771115647035
61.26207399368286,-0.5482222175598144,0.6427659797668461,0.007065687179565572,0.8448346752514089
61.29345965385437,-0.3959585762023925,0.2201547431945805,0.07451573371887221,0.4591338580315761
61.32331609725952,-0.40948358535766594,0.2910947608947758,-0.014051046371459819,0.5026036195670386
61.35445046424866,-0.7160059547424316,0.45572374343872113,-0.048183050155639506,0.8501001493251975
61.38531255722046,-0.3258883094787597,0.25908563613891644,0.1795534229278566,0.45339606173139685
61.41726040840149,-0.6036326026916503,0.7383050727844243,0.24284020423889174,0.9840925080124817
61.4480619430542,-0.20750490188598625,0.11453149795532269,0.03999129295349135,0.24036441467633024
61.478933811187744,0.18431409835815438,-0.003266353607177308,0.0380152797698976,0.1882219897234383
61.510340213775635,-0.23965135574340812,0.23557565689086957,0.01666632652282729,0.3364616306044179
61.540616273880005,-0.37416139602661125,0.5126390266418461,0.17112771034240737,0.6573280879134231
61.57231163978577,-0.40243783950805656,0.5629014778137211,0.22237769126892104,0.7268191838186985
61.60224533081055,-0.8243071174621581,0.612503986358643,0.10583153724670424,1.0323970512743639
61.63300132751465,-0.12292734146118156,0.03709123611450238,0.0438899135589601,0.13569530422025916
61.66512060165405,-0.40976205825805656,0.6631440925598149,0.06882563591003432,0.7825611797446126
61.695759773254395,-0.1852671241760253,0.17371461868286175,0.008064184188842916,0.254097829804228
61.72684693336487,-0.28596559524536125,0.41038988113403363,-0.05916127204895005,0.5036826702515086
61.75686597824097,-0.6239973640441894,0.3912839698791508,-0.02621087074279771,0.7369958379553987
61.78797507286072,-0.5035616493225097,0.6127862739562993,0.2432288265228273,0.8296032872821336
61.81915211677551,-0.6443773841857909,0.6327829170227055,0.2659205532073976,0.9414617219749378
61.84980082511902,-0.19190660476684562,-0.05407049179077106,0.06152716636657729,0.2086560692544902
61.880478858947754,-0.03607431411743156,-0.22309019088745075,-0.020688142776489116,0.2269330047850747
61.91204023361206,-0.11522165298461906,0.07862184524536175,-0.16873225212097154,0.21892463719761807
61.94232201576233,-0.49775949478149406,0.951615314483643,0.10403243064880385,1.0789619863700617
61.973426818847656,-0.40369478225708,0.6252336311340336,0.3054718112945558,0.8044871647318039
62.005321741104126,-0.8494707679748534,0.6132097053527836,0.2953352069854738,1.08850797556462
62.03540658950806,0.038728084564209064,-0.036345500946044496,-0.018654432296752788,0.05629252008344966
62.06671118736267,-0.4933077430725097,0.5898275184631352,-0.033902254104614116,0.769674212732275
62.098037004470825,-0.19298425674438469,0.27954957962036175,0.026376161575317525,0.34071482608854997
62.12987279891968,-0.40713754653930656,0.47057245254516644,-0.09821757316589341,0.6299572259884131
62.16019010543823,-0.44484201431274406,0.3366384315490727,-0.072459783554077,0.562548017085069
62.1912727355957,-0.09335199356079094,0.102189044952393,0.22048703193664565,0.2603300344990711
62.22220706939697,-0.7145487403869628,0.9899720954895024,0.20529309272766127,1.2380508495850078
62.25342297554016,0.11265501022338875,-0.13526060104370075,0.07496205329895034,0.19132666034280135
62.28440046310425,0.05523618698120125,0.14690874099731488,0.059057626724243306,0.1676932252893313
62.31578969955444,-0.09107843399047844,0.17302225112915082,0.015442762374878072,0.19613887792511667
62.34658217430115,-0.30719820022583,0.6712674903869633,0.08659544944763198,0.7432829540204984
62.37658476829529,-0.5162664985656737,0.7359819221496586,0.2628959751129152,0.9366508319555038
62.408101320266724,-0.7986075019836425,0.5155954170227055,0.1671494579315187,0.9651691652586979
62.439502477645874,0.24721082687377938,0.06423471450805707,0.08066788673400893,0.2678555570110133
62.46997594833374,-0.4193846321105956,0.534928302764893,0.02927771568298354,0.6803594222064411
62.50202798843384,-0.03471628189086906,0.20697496414184613,0.004500303268432759,0.20991452722323112
62.53309202194214,-0.4935232734680175,0.4997682380676274,-0.09807404518127427,0.7091911107550819
62.56288743019104,-0.5707136726379394,0.6761255073547368,-0.05248793601989732,0.8863491305683184
62.59443807601929,-0.19587579727172844,0.3542318153381352,0.23876753807067885,0.46995472568207997
62.62557077407837,-0.31611886978149406,0.744004230499268,0.156544122695923,0.8233951039345409
62.65607237815857,-0.047768268585205,0.23853776931762738,0.09091845512390151,0.2597079905524179
62.68639397621155,0.20004590988159188,-0.07627202987670856,0.0593308544158937,0.22216196543870304
62.71815609931946,-0.16814294815063469,0.20917985916137738,-0.08929261207580552,0.28284524931997884
62.74846339225769,-0.10654893875122062,0.504532794952393,0.168387327194214,0.5424576568646591
62.77975583076477,-0.4789797401428222,0.8076524543762211,0.26338139533996596,0.9752404000750005
62.810537576675415,-0.15701738357543937,0.17506692886352582,0.14163199424743667,0.2745223308240869
62.84179449081421,0.03438314437866219,0.2537660408020024,0.10158911705017104,0.2754990976114456
62.87361025810242,-0.3860060310363769,0.6527757453918461,0.0475362873077394,0.7598529649737116
62.904072523117065,0.13130125045776375,0.2025289344787602,0.10661688804626479,0.2638657774125779
62.93541502952576,-0.5343844032287597,0.6215219306945805,-0.1394287014007567,0.8314424595381077
62.96630072593689,-0.3763777351379394,0.48331735610961957,-0.03419789314270005,0.6135351351958234
62.99674320220947,-0.10268655776977531,0.4346914100646977,0.21504250526428237,0.49572616453136653
63.029038190841675,-0.5516554450988769,0.9172200965881352,0.1429490184783937,1.0798383478911666
63.05985760688782,0.1781819725036622,0.12442491531372113,0.08947554588317885,0.23502393109471925
63.0910370349884,0.07178815841674813,0.29218004226684613,0.035284433364868306,0.30293185376550275
63.121297121047974,-0.12569108963012687,0.3790311622619633,-0.06980570793151841,0.4053834096727243
63.152148723602295,-0.18152109146118156,0.595505695343018,0.0852564907073976,0.6283674156406986
63.18365287780762,-0.5003019905090331,0.8945855903625493,0.26197710990905776,1.0579307474064235
63.214142084121704,-0.1620585060119628,0.016230564117432067,0.18646994590759292,0.24758318058620235
63.2458553314209,0.22249158859252938,0.1493234443664555,0.057079706192016744,0.27396731719469064
63.27728033065796,-0.35870615005493156,0.6205625343322758,0.067127618789673,0.7199125490700241
63.30838060379028,0.1236947441101075,0.3379964637756352,-0.04075583457946763,0.3622195981688017
63.337722063064575,-0.7541529273986816,0.8648366737365727,-0.13900574684143052,1.1558597266964032
63.37039566040039,-0.6712519264221191,0.6969175148010258,-0.030815687179565288,0.9681026690068532
63.400958776474,0.026404705047607502,0.16886041641235394,0.15371027946472182,0.22986495751359667
63.43201541900635,-0.4202677345275878,0.7559308815002446,0.1821941471099855,0.883884140332783
63.463188886642456,0.26852354049682625,0.15546892166137738,0.1287149524688722,0.3359211460931958
63.492923736572266,0.11116346359252938,-0.04492666244506793,-0.0040818119049070845,0.11996825340383897
63.52425241470337,-0.09598794937133781,0.20219705581665082,-0.046481695175170756,0.22859983331532377
63.55490446090698,-0.1653696632385253,0.456833820343018,0.1289428806304933,0.502663437494821
63.585838317871094,-0.4536863899230956,0.6176156806945805,0.244650754928589,0.8044466802271047
63.61750817298889,-0.5566088294982909,0.5083570289611821,0.182331476211548,0.7755546564795933
63.648016691207886,0.19110235214233406,0.020739536285400817,0.060557279586792134,0.20153764281299666
63.679452419281006,-0.3264223670959472,0.712479572296143,0.024773511886596822,0.7840870038273887
63.71017336845398,-0.18632761001586906,0.47242258071899457,0.06771603584289565,0.5123343971838091
63.74096870422363,-0.23083177566528312,0.5018205451965336,0.09058562278747573,0.559743622825601
63.77232050895691,-0.2485586738586425,0.18723390579223675,-0.0793853664398192,0.32115414715268364
63.80381202697754,-0.2771269416809081,0.5285234260559086,-0.2036696338653563,0.6305693248597947
63.834234952926636,-0.4879557228088378,0.9243116188049321,0.11584845542907729,1.0516052589755305
63.86619186401367,-0.5896441078186034,0.7233781623840336,0.20145693778991713,0.9547465828600743
63.89620351791382,-0.09018198013305656,0.2541532325744633,0.15695467948913588,0.3120279259654585
63.92703175544739,0.33080228805542,0.15579507827758832,-0.006747331619262553,0.36571544495987757
63.95770573616028,-0.18356958389282219,0.41475389480590863,-0.02476128578186021,0.45423750028022297
63.98898768424988,-0.3053709602355956,0.6976918983459477,0.03291359901428237,0.7623048690470597
64.01975274085999,-0.23678270339965812,0.6604642677307133,0.2130941486358644,0.7332722644155865
64.05091452598572,-0.8616568183898925,1.0422391700744633,0.32717648506164565,1.3913157128030256
64.08287644386292,0.3809922599792481,-0.076186199188232,0.1515716648101808,0.41705324442350733
64.114182472229,-0.18391481399536125,0.3687124061584477,-0.020596113204955913,0.4125502359001286
64.14556050300598,-0.2450968360900878,0.13777635574340863,0.06796542167663588,0.2892647261713543
64.17593312263489,0.09778341293334969,0.20213602066040082,-0.06358918190002427,0.23337555730630904
64.20669627189636,-0.8301092720031737,0.7813863563537602,-0.04983147621154771,1.1411087666751434
64.23985981941223,-0.3400084114074706,0.6040639686584477,0.17626944541931167,0.7152411589440708
64.26881814002991,-0.7069994544982909,0.978867511749268,0.24084416389465346,1.231274033471509
64.29989242553711,-0.16994920730590812,0.33785531997680707,0.037690553665161275,0.3800651630130334
64.33120226860046,0.0744393730163575,0.16327951431274457,0.0784653759002687,0.19585258554444626
64.36125206947327,-0.12055841445922844,0.10228441238403363,-0.003263559341430522,0.15813628025612966
64.39255213737488,-0.4956919288635253,0.7034654426574711,0.060839567184448384,0.862714072151895
64.42317390441895,-0.259865436553955,0.5234269905090336,0.21510067939758315,0.622715153008198
64.45562887191772,-0.9648653602600097,0.8714628028869633,0.24917117118835463,1.323819796194579
64.48567032814026,0.14592870712280281,-0.10716535568237262,0.13140574455261245,0.22371202632511428
64.51663637161255,-0.31250825881958,0.5643682289123539,0.08362093925476088,0.6505116225848399
64.54672837257385,-0.19416109085083,0.6745118904113774,0.0037297344207765093,0.7019107709855745
64.57921981811523,-0.16914430618286125,0.1768178749084477,-0.03770359992980943,0.24758012571466254
64.61010456085205,-0.5555979347229003,0.8377752113342289,-0.1159764194488524,1.0119322604120498
64.64114570617676,-0.5670992469787597,0.7303190040588383,0.14219799995422377,0.9355146577175321
64.67115902900696,-0.5740934944152831,0.8849515724182133,0.27886811256408706,1.0910958024208852
64.70249319076538,-0.011456165313720623,0.31276414871215863,0.1570490932464601,0.3501672088201177
64.73409128189087,-0.014248523712158123,0.01189134597778363,0.041952524185180806,0.04587416290950129
64.76405358314514,-0.14384332656860344,0.3887166786193852,-0.10983714103698716,0.42878404399696046
64.7953507900238,-0.9773966407775878,0.9166936683654789,0.026312265396118306,1.340270051271365
64.82599806785583,-0.29193368911743156,0.6908922004699711,0.27503481864929213,0.7988751235214431
64.85692715644836,-1.1330057716369628,0.9516401100158696,0.2938899135589601,1.5085397770179543
64.88822722434998,0.16832670211792,0.19229600906372113,0.18332997322082534,0.31451790541855995
64.91930413246155,-0.5721556282043456,0.46715448379516644,0.0710505580902101,0.7420536075114573
64.95093512535095,-0.08070055007934562,0.37943361282348675,0.0006212329864503374,0.3879211662874508
64.98124289512634,-0.34349313735961906,0.17833230972290082,-0.05395707130432115,0.3907701545000569
65.01270246505737,-0.5835730171203612,0.6875219154357914,-0.09702929496765123,0.9070052561024001
65.04319882392883,-0.21111169815063469,0.3955659675598149,0.19769564628601088,0.4900246446333294
65.07473540306091,-0.6194426155090331,1.0377721595764164,0.2831000423431398,1.2413000616592502
65.10477757453918,-0.13867059707641594,0.34768007278442425,0.13747969627380385,0.39876262913223154
65.13687252998352,-0.03104654312133781,0.2329397010803227,0.10232106208801284,0.256309172535815
65.16781878471375,-0.18108812332153312,0.07537744522094769,-0.08482655525207505,0.2137059010230768
65.19853949546814,-0.6040617561340331,0.9744539070129399,-0.026324357986450053,1.1467972767407124
65.23088312149048,-0.4156900978088378,0.7838525581359868,0.1938513851165773,0.9081858013778168
65.26113820075989,-1.1799360847473144,1.0097570228576664,0.25342980384826674,1.573558093868088
65.29129242897034,0.0526193046569825,0.23078058242797894,0.12719479560852065,0.26871357330487583
65.32204556465149,-0.4739920234680175,0.6164903450012211,0.043719205856323384,0.7788710758217549
65.35313057899475,-0.16474596023559562,0.33674142837524457,0.02435198783874526,0.37567145261497686
65.3845784664154,-0.3634897804260253,0.42081163406372113,-0.09991702079772935,0.5649696123532957
65.41549634933472,-0.8188196754455566,0.8936528968811039,-0.15461882591247544,1.2218789393091722
65.4471504688263,-0.14423814773559562,0.20997331619262738,0.1974834537506105,0.322324605452941
65.47742819786072,-0.8782335853576659,1.0859517860412602,0.2644671535491945,1.4214529142264252
65.50870871543884,0.08499273300170906,0.030625324249268004,0.0764211750030519,0.11832950239614672
65.53987646102905,-0.2079702949523925,0.06700990676879925,0.003767404556274556,0.21853183869825224
65.57124733924866,-0.3910490608215331,0.36473558425903363,-0.10762461662292466,0.5454672057029765
65.60197019577026,-0.6130873298645019,0.6426496315002446,-0.0013528728485106,0.888187172375693
65.63272595405579,-0.3644644355773925,0.8117971229553227,0.21498051643371596,0.9154591831891763
65.66355347633362,-1.121367130279541,1.1168317604064946,0.3115629291534425,1.6130247613557318
65.69454002380371,0.04435667037963875,0.03206346511840863,0.25596323966979995,0.2617494222817441
65.72479104995728,-0.4445597267150878,0.6882257270812993,0.10505715370178237,0.8260296650711139
65.75563526153564,-0.09039560317993156,0.4008664894104008,0.0408834552764894,0.41296097191118114
65.7870888710022,-0.4822641944885253,0.5766420173645024,-0.07860621452331529,0.7558265055140331
65.81776022911072,-0.7622534370422362,0.8145456123352055,-0.05166253089904771,1.1167738687649045
65.84959959983826,-0.33985773086547844,0.43880174636840863,0.28136912345886245,0.6222691005352956
65.88061809539795,-0.47344842910766594,0.8108510780334477,0.20049420356750502,0.9601202067640744
65.91147899627686,-0.6466223335266112,0.6764650154113774,0.09975758552551284,0.941104104316199
65.94232296943665,-0.12076822280883781,0.21486757278442425,0.021150026321411275,0.24738706734199212
65.97500371932983,-0.4227186775207519,0.48289964675903363,-0.005116071701049663,0.6418016230538399
66.0045874118805,-0.6895739173889159,0.8020372200012211,0.04225531578063979,1.0585657284845869
66.03508400917053,-0.6323572731018066,0.8309259223937993,0.261956605911255,1.0765383749459576
66.06698870658875,-1.4414888954162597,1.068060855865479,0.2948783969879152,1.8181302198826823
66.0980474948883,0.1559346580505372,-0.09791662216186481,0.10940543174743667,0.21417943639100925
66.12885928153992,-0.6377131080627441,0.6746549415588383,0.024170789718628072,0.9286665308066329
66.15974402427673,-0.1600596046447753,0.542557697296143,0.029868993759155416,0.5664627867058165
66.19069933891296,-0.9383417701721191,0.46637819290161175,-0.04710158348083482,1.0489101275277692
66.22164249420166,-0.624123249053955,0.7805795478820805,-0.0672546291351317,1.0016773161660208
66.25171041488647,-0.6987177467346191,0.15961549758911175,0.27012244224548354,0.7659306303296582
66.2838945388794,-0.8565794563293456,1.2947282600402836,0.2425889110565187,1.5712730546025426
66.31451797485352,-0.012173328399658123,0.05232522964477582,0.13347664833068862,0.14388236594975343
66.34550333023071,-0.2776152229309081,0.16241930007934613,0.08784571647644057,0.33341732250214845
66.37721252441406,-0.16543642044067375,0.1426706123352055,0.04148140907287612,0.2223619125007634
66.40705490112305,-1.0327879524230956,1.1210622596740727,-0.08244952201843248,1.52650891527593
66.43943810462952,-0.7909399604797362,0.7945375251770024,0.2828854656219484,1.1562439563769529
66.47001504898071,-2.006745014190674,1.0550985145568852,0.30260888099670424,2.287319514684678
66.5000832080841,-0.02808633804321281,0.1497793006896977,0.0808610057830812,0.1725142995696994
66.5316116809845,-0.8956209754943847,0.7211293983459477,-0.06985100746154771,1.1519738296279542
66.56299471855164,-0.19840875625610344,0.37833498001098675,-0.018306341171264506,0.42759620412965116
66.59397006034851,-0.8419729804992675,0.5415372657775883,-0.05010136604309068,1.002342883945444
66.62360167503357,-0.8633944129943847,0.7854966926574711,-0.03155192375183091,1.1676688273899347
66.65580105781555,-0.5476881599426269,0.4830617713928227,0.22115794181823745,0.7630346196286188
66.68665170669556,-0.8682619667053222,0.8739137458801274,0.19069996833801284,1.24658355355321
66.71759080886841,-0.2538858985900878,0.12062929153442425,0.16103783607482924,0.3239485454924239
66.74896621704102,-0.004995975494384686,-0.05841352462768512,-0.002977457046508647,0.05870234135904182
66.77901983261108,-0.5982424354553222,0.3235502052307133,0.002886209487915181,0.6801375427731954
66.81029391288757,-0.7367445564270019,0.897721271514893,-0.0626021289825438,1.1630197974704828
66.84191656112671,-0.821205768585205,0.9129915046691899,0.24236289024353042,1.251667756444547
66.87260723114014,-1.4590574836730956,1.230555515289307,0.27797833442688,1.928830622756218
66.90317106246948,-0.30211130142211906,0.01231096267700238,0.13597050666809096,0.3315279429136832
66.91842484474182,-0.6829077339172362,0.6371507453918461,0.047683629989624166,0.9351993231211981
66.9661955833435,-0.45526376724243156,0.17971513748168988,-0.012929048538207866,0.4896220876348788
66.99711680412292,-0.9148794746398925,0.896286945343018,-0.05400380134582505,1.281893580633542
67.02884078025818,-1.1065126991271972,1.148169498443604,0.013457689285278462,1.594629944497121
67.05923843383789,-0.35669008255004875,0.25711915969848675,0.24059954643249526,0.5012247190803133
67.08893060684204,-0.9133497810363769,0.7351980018615727,0.1870483493804933,1.1873125155014637
67.120760679245,-0.15967050552368156,0.06505868911743207,0.11911192893981948,0.20955895347045256
67.15134382247925,-0.8326479530334472,0.6066579627990727,0.005909357070922994,1.0302288182822796
67.18278455734253,-0.5005461311340331,0.052727680206299254,-0.10361393928527818,0.5138701062208229
67.21390700340271,-1.049864444732666,0.9734124946594243,0.07089940071105971,1.4334482767418222
67.2452130317688,-0.7620073890686034,0.8620309638977055,0.1984304523468019,1.1675304227865386
67.27641534805298,-1.2227121925354003,0.9605607795715336,0.3157066440582277,1.586623081304538
67.30635952949524,-0.3910948371887206,0.18992326736450238,0.13427630424499526,0.45503422403570337
67.33770823478699,-0.9031645393371581,0.6441583442687993,0.1124323940277101,1.1150278924018109
67.36847472190857,-0.7094999885559081,0.43651483535766644,-0.0667820835113524,0.8357004738100139
67.3998920917511,-1.0188967323303222,0.7313127326965336,-0.1575399303436278,1.2640362707652635
67.4306538105011,-0.9097639656066894,0.8133783149719243,-0.04268416404724107,1.2210965130747808
67.46162033081055,-0.8418261146545409,0.5826921272277836,0.2232550716400148,1.047876018172278
67.49242091178894,-0.8800055122375487,0.8349809455871586,0.16488257408142104,1.2242504418205498
67.5232207775116,-0.6171576118469237,0.141831378936768,0.03759852409362807,0.6343605496290909
67.55422282218933,-0.41027704238891594,0.25839899063110394,0.023062143325805806,0.48541647306756047
67.58518576622009,-0.5079447364807128,0.1968068885803227,0.02708331108093276,0.5454120574851962
67.61533641815186,-1.476805362701416,1.2938661384582524,-0.05140933036804185,1.9640994330230384
67.64643740653992,-1.1590887641906737,1.107550601959229,0.2859829998016359,1.6284782391388766
67.6779580116272,-1.83002534866333,0.8373689460754399,0.2012986278533937,2.0225480627608077
67.71061968803406,-0.6860529518127441,0.32586191177368207,0.1506842708587648,0.7743128487375216
67.7406554222107,-1.0367762184143066,0.5973443794250493,0.016022596359253072,1.1966544857619759
67.77153587341309,-0.41110292434692375,0.6583585548400883,0.060682687759399556,0.7785396519968825
67.80307483673096,-1.3871065711975097,0.7443208503723149,-0.10114010810852037,1.5774370002084017
67.83417654037476,-1.1447912788391112,0.8857126045227055,0.05621663093566909,1.4485144802556305
67.86485528945923,-1.1539351081848144,0.7107801246643071,0.3122023677825929,1.390771346400394
67.89624071121216,-1.0085245704650878,0.8885144996643071,0.22512379646301284,1.3628134681897681
67.92697548866272,-0.13772645950317375,-0.19596578598022418,0.07337704658508315,0.2505101951771142
67.9580249786377,-0.7233263587951659,0.4352540779113774,0.029128942489624166,0.8446867046171145
67.98866200447083,-0.5556017494201659,0.2912626075744633,0.023287687301635884,0.6277495734046208
68.01922655105591,-1.1641432380676269,0.8996152687072758,-0.05637272834777818,1.4723162007297266
68.05025362968445,-0.9786440467834472,0.9304628181457524,0.13799992561340346,1.3574053210908386
68.08166837692261,-1.076994571685791,1.3621263313293461,0.22417870521545424,1.7508745077284897
68.1122190952301,-0.5723177528381347,0.2642507362365727,0.061927709579467916,0.6334122694020237
68.14432573318481,-0.9144579505920409,0.6646470832824711,-0.012987222671508647,1.1305563925207849
68.17495536804199,-0.8703962898254394,0.2536897468566899,0.00938311576843276,0.9066621376585798
68.20558667182922,-1.2141844367980956,1.211543064117432,-0.03523787498474107,1.7156113052224868
68.2373366355896,-1.0685488319396972,0.9542951393127446,-0.002676572799682475,1.432648939272135
68.26766657829285,-1.1232611274719237,0.8847017097473149,0.27088395118713393,1.455263134532746
68.29855108261108,-0.7042452430725097,0.43215082168579144,0.0801452732086183,0.8301439392609253
68.32956171035767,-0.198158893585205,-0.08975889205932575,0.07682648658752456,0.23070742262010857
68.36033129692078,-0.8740507698059081,0.5136651802062993,-0.016195859909057475,1.01394229196383
68.39068651199341,-0.6882902717590331,0.35233400344848675,-0.055553045272827006,0.7752218321379027
68.421795129776,-1.3120981788635253,1.1561116981506352,0.09060755729675307,1.751115535599239
68.45350885391235,-1.0041948890686034,0.6470098304748539,0.2891573047637941,1.2290813817078452
68.48496627807617,-1.5658175086975097,0.9813852119445805,0.261066827774048,1.8662950713462192
68.51668381690979,-0.5509554481506347,0.10363481521606488,0.056672487258911275,0.5634748011968645
68.54596376419067,-0.9761530494689941,0.6346216011047368,-0.029443349838256694,1.1646829025215635
68.5776309967041,-1.1777006721496581,0.6355066108703618,-0.024458971023559428,1.3384490154298823
68.6097800731659,-0.8241221046447753,0.7781381416320805,-0.036154356002807475,1.1340120582624946
68.63952612876892,-1.4412943458557128,1.1769037055969243,0.0864156818389894,1.8627665966811613
68.66935992240906,-1.3851248359680175,1.1471776771545414,0.22499028205871596,1.8125142926879163
68.70200657844543,-0.875771198272705,0.6352166938781743,0.1466435527801515,1.0917782611306717
68.7331874370575,-0.3994871711730956,0.3156556892395024,0.19972029685974135,0.5469156343156508
68.76404356956482,-0.6164175605773925,0.18442819595336957,-0.015440549850463725,0.6436014131669402
68.7951238155365,-0.6562449073791503,0.33205316543579144,-0.07922562599182115,0.7397252077297316
68.82559704780579,-1.3755423164367675,0.9641122627258305,0.00936499595642104,1.6797966610860413
68.85609555244446,-1.1325022315979003,1.0182905006408696,0.246725950241089,1.5428384694426132
68.8874204158783,-1.8875338172912597,0.5542192268371586,0.3286193943023683,1.9944757629827814
68.91894769668579,-0.6370722389221191,0.529099445343018,0.06738987922668471,0.830872226331894
68.95036745071411,-1.1645571327209472,0.5544462013244633,0.12496319770813002,1.2958470998986733
68.98130106925964,-0.7247511482238769,0.5826406288146977,0.007272634506225728,0.9299393638351242
69.01226711273193,-1.2111460304260253,0.46949098587036175,-0.1242309474945067,1.304886899752475
69.04253149032593,-1.4162432289123534,1.0363473701477055,0.20870581626892104,1.7672913944215964
69.07430839538574,-1.1740023231506347,0.8873033332824711,0.2676104640960695,1.4957285918611656
69.10471940040588,-0.8504015541076659,0.5073499488830571,0.10969582557678237,0.9963031406200354
69.135915517807,-0.5451475715637206,0.02581499099731488,0.12023297309875502,0.5588454673361674
69.16683077812195,-0.9672304725646972,0.586960773468018,-0.013577070236205913,1.1314778272171755
69.19760584831238,-0.8299547767639159,0.29376886367797894,-0.1220184230804442,0.8888270767201745
69.22862434387207,-1.3567339515686034,0.9074888038635258,0.033949289321899556,1.6326100265287093
69.25889539718628,-1.2791277503967284,0.9206590461730961,0.27332774162292495,1.5995277226344153
69.29008531570435,-1.6189161872863769,0.9886808204650883,0.28250065803527846,1.9178597466977987
69.32167291641235,-0.8361097908020019,0.40931032180786175,0.20053378105163588,0.9522753378914568
69.35240197181702,-1.0789343452453612,0.5725469398498539,0.05597773551940932,1.2227194390191682
69.38364219665527,-0.9507185554504394,0.5920457649230961,-0.13708409309387193,1.128351012770633
69.41433835029602,-1.28968111038208,0.9166669654846196,-0.12859162330627427,1.5874796054348788
69.44599962234497,-1.4163977241516112,0.9411268043518071,0.14698973655700698,1.7069001603797471
69.47690677642822,-1.3557020759582519,1.0563783454895024,0.27250233650207534,1.7401496633840845
69.50736856460571,-0.7105223274230956,0.37501047134399457,0.1457866764068605,0.8165344979865433
69.53897023200989,-0.6563421821594237,0.05896661758422894,0.12239399909973159,0.6702554834439953
69.5700056552887,-1.1292444801330566,0.46659372329711957,-0.03186234474182115,1.2222593863594147
69.60183119773865,-0.6481672859191894,0.25280282974243207,-0.05999716758728013,0.6983049200600877
69.63207077980042,-1.3621069526672362,0.9507055091857914,-0.02753075599670396,1.6613049865170422
69.66383457183838,-1.1892820930480956,0.7748327064514164,0.27346220970153823,1.4455238496706078
69.69439840316772,-1.6256662940979003,1.2234735298156743,0.2187089061737062,2.0463411161302814
69.72490954399109,-0.6449781990051269,0.24453065872192425,0.1591219043731691,0.7078925770893626
69.75595331192017,-1.0738779640197753,0.5937719154357914,0.0555013751983644,1.2283563700394344
69.78764033317566,-1.220488224029541,0.5950326728820805,-0.005427446365356303,1.3578235687916251
69.81885123252869,-1.2810942268371581,0.5118512916564946,-0.08137854576110826,1.3819611537652245
69.84953570365906,-1.3935209846496581,0.9369191932678227,0.12474289894104018,1.6838287027512018
69.88078165054321,-1.8361860847473144,1.3478116798400883,0.2791794872283937,2.2948021370528093
69.91218972206116,-0.7545649147033691,0.2852754402160649,0.08434525489807143,0.8110884102954454
69.94204068183899,-0.8319136238098144,0.19266031265258832,0.06278601646423354,0.8562361575028337
69.97204422950745,-0.6769243812561034,0.21065042495727582,-0.014895524978637553,0.709099496642064
70.00331711769104,-0.5177370643615722,0.1180429267883305,-0.09897240638732896,0.5401678790937059
70.03506112098694,-1.5122477149963378,1.2257699775695805,0.02690020561218276,1.9468253158628672
70.06634736061096,-1.4101664161682128,0.7253503608703618,0.3158277606964113,1.6169259852355564
70.09729051589966,-1.7035070991516112,0.8964547920227055,0.2981633281707765,1.9479396811159948
70.12823796272278,-0.7606722450256347,0.36826417922973675,0.1816286182403566,0.8644245051015109
70.15928530693054,-1.1055265998840331,0.22655580520629925,0.12232914924621596,1.1351127770750926
70.18885564804077,-1.0128733253479003,0.7879686164855961,-0.01331719398498521,1.2833488463481673
70.22130489349365,-1.2334524726867675,0.7015905189514164,-0.12956627845764146,1.4249286575730666
70.25235033035278,-1.157753620147705,0.8385610389709477,0.16605416297912612,1.4391497649959333
70.2821352481842,-1.270434055328369,0.8487520027160649,0.2947925662994386,1.556047977473068
70.31352686882019,-0.8839174842834472,0.319626789093018,0.19553652763366713,0.9600551739181049
70.3448498249054,-0.7318483924865722,0.29398248672485394,0.1594142055511476,0.8046369746771598
70.37456703186035,-1.08277193069458,0.23161600112915082,0.07835570335388198,1.1100363246881646
70.406822681427,-0.8547636604309081,0.38686082839965863,-0.057586755752563334,0.9399991756280536
70.4380898475647,-1.3127085304260253,0.9043321418762211,0.07681647300720229,1.5959076035939408
70.46908569335938,-1.2882048225402831,0.7350110816955571,0.2695674037933351,1.5074413886513778
70.50002646446228,-1.5024229621887206,0.9841527748107914,0.30062905311584487,1.8210462017908935
70.53149962425232,-0.7475458717346191,0.16964052200317425,0.10189810752868667,0.773295520076839
70.56073355674744,-0.6948134040832519,0.6844434547424321,0.00952521324157729,0.9753559549830049
70.59263730049133,-1.2587305641174316,0.4810628700256352,-0.16837939262390123,1.3580043217240079
70.62429809570312,-1.2835966682434081,1.1275033760070805,0.015638265609741353,1.7085458217397105
70.65601634979248,-1.1486918067932128,0.3428048896789555,0.1528672313690187,1.2084603633583046
70.68679785728455,-1.365465793609619,0.9982957649230961,0.1715435123443605,1.7001524768116465
70.71778631210327,-1.089232120513916,0.5023450660705571,0.23453989982604995,1.2222054419675474
70.74827289581299,-0.6942698097229003,0.26076791763305707,0.15846291542053237,0.7583673062065163
70.77962684631348,-0.8234583473205566,0.17439554214477582,-0.052197542190551616,0.8433398118804822
70.81006622314453,-0.8963209724426269,0.3418569374084477,-0.0582528972625731,0.9610675581530487
70.84115409851074,-1.42108980178833,1.002692203521729,0.09634486198425307,1.741886968830303
70.87210631370544,-1.4258638954162597,0.7879724311828618,0.3398951625823976,1.6641866247818407
70.90184044837952,-1.777016315460205,0.5577592658996586,0.30604640007019057,1.8874710019241652
70.93369364738464,-0.6182619667053222,0.2633695411682133,0.09324017524719252,0.6784578873958319
70.96481561660767,-1.0814539527893066,0.27163026809692425,0.02112189292907729,1.1152451698666666
70.99576902389526,-1.015562686920166,0.5789766120910649,-0.1353560352325438,1.1768189090454095
71.02677273750305,-1.4680239295959472,0.4277334022521977,-0.07834538459777818,1.5310741721276406
71.05774569511414,-1.2129732704162597,0.7135381507873539,0.22888222694396987,1.4257727452803213
71.08866930007935,-1.4978739356994628,0.9245118904113774,0.3412379360198976,1.7929840745915555
71.12030959129333,-1.0832754707336425,0.6616849708557133,0.21148100852966323,1.2868709970771137
71.15130519866943,-0.7707335090637206,-0.055876750946044496,0.1411966419219972,0.7855500270383875
71.18190550804138,-0.8939787483215331,0.26725290298461957,0.07416907310485854,0.9360145127130645
71.21323108673096,-0.7346426582336425,0.1665181922912602,-0.016688432693481303,0.7534631029096955
71.24357891082764,-1.58527437210083,0.8400487709045414,0.14631787300109877,1.8000515804547037
71.2745795249939,-1.0739771461486816,0.451523761749268,0.27317706108093276,1.1966312400128505
71.30620193481445,-1.4749056434631347,1.0708207893371586,0.31750479698181167,1.8500846240381872
71.33584809303284,-0.7896544075012206,0.16928956985473675,0.12310400962829604,0.8169257242456436
71.36741757392883,-0.8726240730285644,0.23998735427856488,-0.008553113937377788,0.9050634556762374
71.39938235282898,-1.2375094032287597,0.6552667427062993,-0.11064967155456529,1.4046520483705769
71.43043828010559,-1.29126802444458,0.6438913154602055,-0.02061232566833482,1.443050243424511
71.46134734153748,-1.0892130470275878,0.5819825935363774,0.29452410697937026,1.2695799504507173
71.49226880073547,-1.2930094337463378,0.6907663154602055,0.17458430290222182,1.4763167604384053
71.52318978309631,-1.094420108795166,0.5929479408264164,0.12724104881286635,1.251212579687604
71.5552453994751,-0.7528082466125487,0.13799188613891644,0.09818354606628432,0.7716229814658101
71.58568358421326,-0.8003450965881347,-0.00916578292846637,-0.02945670127868638,0.8009394374480409
71.61585640907288,-0.7406450843811034,0.10706041336059613,-0.03852757453918443,0.7493340023825864
71.64722299575806,-1.6564394569396972,1.025214176177979,0.11973277091979995,1.9517150708992088
71.67846488952637,-1.1219450569152831,0.5679464149475102,0.20811120033264174,1.2746113575095195
71.70927858352661,-1.6602388954162597,1.1048250007629399,0.2814864253997804,2.014017398099673
71.73985624313354,-0.8233934974670409,0.11843011856079144,0.1646308040618898,0.8480010886192266
71.7710473537445,-0.5839754676818847,0.46978281021118207,0.07001439094543471,0.7527451431684243
71.80194425582886,-1.3652483558654784,0.5752572822570805,-0.2116962337493895,1.4965424515752537
71.8333535194397,-1.0551668739318847,0.5519857215881352,-0.026985731124877788,1.1911312263410376
71.86403250694275,-1.1834131813049316,0.7836522865295414,0.251885805130005,1.4415353352225635
71.8950047492981,-1.41773286819458,0.8048429298400883,0.2764200305938722,1.653525524624983
71.92546224594116,-0.7871424293518066,0.31297777175903363,0.19165125846862807,0.8684920808929247
71.95759272575378,-0.8263460731506347,0.2464589881896977,0.175528440475464,0.8800000561856302
71.98779392242432,-0.8592230415344237,0.30373094558715863,-0.05137452125549302,0.9127738295137338
72.01839542388916,-0.5222403144836425,-0.05120183944702106,-0.017179574966430522,0.5250254396034153
72.05053234100342,-1.6159197425842284,0.8364267158508305,0.06501475334167495,1.8207232583823836
72.0807945728302,-1.4346987342834472,0.8390455055236821,0.25561610221862807,1.681575871082676
72.11192226409912,-1.5501467323303222,0.6479291725158696,0.2775954341888429,1.7028876443952394
72.14196515083313,-0.5404535865783691,0.256760578155518,0.076893243789673,0.6032649871165047
72.1725447177887,-1.1117693519592284,0.127762775421143,-0.0238595867156981,1.1193407428559903
72.20454120635986,-1.1590487098693847,0.6046991157531743,-0.10844859123229966,1.3117987762545087
72.23640179634094,-1.2478872871398925,0.6602811622619633,-0.06404551506042466,1.4132571325285164
72.26731705665588,-1.295672092437744,0.6195707130432133,0.27341929435729995,1.4619822673718452
72.29846286773682,-1.2973219490051269,0.6378259468078618,0.21842185020446792,1.4620445555586017
72.3293194770813,-0.8663851356506347,0.052651386260986754,0.1724456882476808,0.8849479573098006
72.36048579216003,-1.0304209327697753,0.33908555984497113,0.10388556480407729,1.0897424127564153
72.39127516746521,-1.1051050758361816,0.24292276382446332,-0.02532299995422349,1.1317729242872396
72.42236518859863,-0.5161367988586425,0.09207818984985394,0.04191008567810073,0.5259582145604518
72.45381712913513,-1.5595556831359862,0.8338765907287602,0.10322037696838393,1.771501776343639
72.48426175117493,-1.3269583320617675,0.8251695442199711,0.2502616977691652,1.5825151212884658
72.5150842666626,-1.4786783790588378,0.7198724555969243,0.15649262428283706,1.65202785765802
72.5467267036438,-0.9464136695861816,0.122483234405518,0.16798153877258315,0.9689782113434874
72.57637238502502,-0.7899920082092284,0.30799386978149457,0.09942379951477065,0.8537169839984344
72.60717940330505,-1.6186415290832519,0.6275243568420414,-0.08769330024719224,1.7382397225386461
72.63956308364868,-1.129912052154541,0.5877008247375493,-0.03921612739562974,1.274217960024576
72.67006182670593,-1.5173346138000487,0.7401971626281743,0.273736391067505,1.7103004945310647
72.70066165924072,-1.4717775917053222,0.7669477272033696,0.179584894180298,1.669307889493751
72.73190450668335,-0.8984915351867675,0.38425157546997113,0.16588631629943862,0.9911884694591774
72.76294898986816,-0.8765608406066894,0.35179803848266644,0.07719174385070815,0.9476704767397108
72.79392194747925,-0.7935091590881347,0.25345514297485394,-0.01097210884094224,0.8330766364684463
72.82512259483337,-0.70832124710083,0.26099679946899457,-0.04021557807922349,0.7559468309000176
72.85593509674072,-1.8787886238098144,1.1731767463684086,0.12482777595520034,2.218506782686648
72.88771915435791,-1.0996653175354003,0.559464435577393,0.29340592384338393,1.2682079093794334
72.91837310791016,-1.7960402107238769,0.4345369148254399,0.24567595481872573,1.864118945684307
72.94877982139587,-0.7527071571350097,0.03088090896606488,-0.008123006820678569,0.7533841504708254
72.97985100746155,-1.0127626991271972,0.1356038856506352,0.0358785724639894,1.0224304233095816
73.01081871986389,-1.4860960578918456,0.9833955574035649,-0.19228085517883287,1.7923504799204466
73.04227137565613,-1.3624464607238769,0.5743131446838383,0.15133086204528823,1.486269483069281
73.0728828907013,-1.4996916389465331,0.9565038490295414,0.29456654548645034,1.802981995155328
73.10363149642944,-1.2472902870178222,0.5940427589416508,0.21735754966735854,1.3985221356622881
73.1345784664154,-0.7315680122375487,0.11497018814086957,0.1473292446136476,0.7550601346970804
73.16591668128967,-1.0690809822082519,0.6279535102844243,0.11643782615661635,1.2453182424416538
73.19748258590698,-0.8561941719055175,0.08759019851684613,-0.07195958137512193,0.8636658406078581
73.2278699874878,-0.7680975532531737,0.19560525894165082,-0.017995920181274272,0.79281720578095
73.25952506065369,-1.6822268104553222,1.1220979499816899,0.0360616779327394,2.0224468585807447
73.29048347473145,-1.3150831794738769,0.7556466865539555,0.2930792903900148,1.5447786748562422
73.32175779342651,-1.4976698493957519,0.8254918861389164,0.3048433399200441,1.7370611082411256
73.3528664112091,-0.7692171669006347,0.27275941848754925,0.14227477073669448,0.8284532941671992
73.38324475288391,-1.0691191291809081,-0.0672903251647945,-0.12309369087219224,1.0782837089439243
73.41548299789429,-1.6752745246887206,1.0081987190246586,-0.07093628883361802,1.956538102666919
73.44393420219421,-1.492205295562744,0.7280168342590336,0.09044018745422377,1.6627881953444332
73.47582745552063,-1.3440500831604003,0.6012639808654789,0.252855215072632,1.4939627707942085
73.50787448883057,-1.354387912750244,0.5322351264953618,0.24347821235656752,1.4754397608753282
73.53868174552917,-0.6777445411682128,0.2604188728332524,0.08092967033386245,0.7305513424471962
73.56945395469666,-0.7876288032531737,0.17168901443481488,0.012977037429809712,0.8062286604258617
73.60011672973633,-0.6977106666564941,0.1475515174865727,-0.030346479415893413,0.7137874568047403
73.63112497329712,-0.9231192207336425,0.30390069961547894,-0.03495987892150865,0.9724849222732821
73.66194677352905,-1.630938205718994,1.0236329841613774,0.12421647071838393,1.9295630719763348
73.69359993934631,-1.4661375617980956,0.6684217262268071,0.36253062248229995,1.6515978343545663
73.72420454025269,-1.6546370124816894,0.5794706153869633,0.32496300697326674,1.7830341536471992
73.75540542602539,-0.51862398147583,-0.03604413986206012,0.0738576984405519,0.5250952045097853
73.7867271900177,-1.1298872566223144,0.3350095558166508,-0.11238726615905748,1.1838528256336074
73.81711864471436,-1.3243528938293456,0.6248578834533696,-0.16728457450866685,1.4738867292897824
73.84832191467285,-1.4588343238830566,0.7328119087219243,0.05547371864318862,1.6334895811005679
73.8786690235138,-1.3561541175842284,0.8366174507141118,0.23531952857971206,1.6107321409877604
73.90964150428772,-1.2520605659484862,0.3060445594787602,0.22062674522399917,1.3076678071658443
73.94085383415222,-0.8748137092590331,-0.005658168792724183,0.21610823631286635,0.9011291864010914
73.9717710018158,-1.133196506500244,0.6724862861633305,0.11689177513122573,1.3228891920774906
74.00243616104126,-0.6954390144348144,0.027398090362549254,-0.011884298324584819,0.6960799628636412
74.03338813781738,-0.5762964820861816,0.22017381668090863,-0.08018263816833482,0.622112048010952
74.06442952156067,-1.5821501350402831,0.8473729896545414,0.059402379989624166,1.795764092566864
74.09552788734436,-1.2503019905090331,0.9316148567199711,0.3297509288787843,1.5937054256758505
74.1270649433136,-1.2592722511291503,1.146815280914307,0.2777446842193605,1.7257155039619223
74.15865659713745,-0.9226519203186034,0.08494852066040082,0.15075675010681167,0.9387387362481452
74.18991780281067,-0.8032862281799316,0.3440236854553227,-0.07475623130798326,0.8770459250559098
74.22125673294067,-1.7668387031555175,1.0895833778381352,-0.19183215141296373,2.08463678240243
74.25154614448547,-1.4234434700012206,0.5747041511535649,0.028801832199096822,1.535351985435353
74.2823429107666,-1.7172457313537597,1.0157289314270024,0.2556051349639894,2.0114602031883475
74.31351017951965,-1.3252626991271972,0.4630708503723149,0.20028630256652846,1.418051634165066
74.3442018032074,-0.6489912605285644,0.1853036689758305,0.1623725032806398,0.69418436729732
74.3748471736908,-1.332762393951416,0.5849218177795414,0.1008051967620851,1.4589553863432132
74.40582227706909,-0.7992064094543456,0.5171098518371586,0.04565754890441909,0.9530047720509666
74.43754363059998,-1.030211124420166,0.1973714637756352,-0.0547591114044188,1.050375654646375
74.46831130981445,-1.6270109748840331,1.2081422615051274,0.08245030403137221,2.028193898290467
74.49884629249573,-1.2227217292785644,0.5840482521057133,0.2718733882904054,1.3820549653679506
74.5300600528717,-1.7220884895324706,0.21734903335571332,0.31432858467102065,1.7639818103433424
74.56157922744751,-0.5644251441955566,0.12615297317504925,0.04907122611999526,0.5804294111035373
74.59198093414307,-1.381325397491455,0.38742921829223675,0.06251898765563979,1.435990904135171
74.6224946975708,-1.008644733428955,0.6113500404357914,0.03709021568298354,1.1800376071609844
74.65496778488159,-1.0552279090881347,-0.0031881523132319955,-0.003897752761840678,1.0552399238610533
74.68487858772278,-1.5348230934143066,0.6934022712707524,0.00295773506164565,1.6841904245298376
74.71571254730225,-1.1852079963684081,0.6139745521545414,0.2729810810089113,1.3624248294631818
74.74677968025208,-1.7646109199523925,1.0775041389465336,0.2609733676910402,2.083980318262661
74.77781414985657,-1.0170446968078612,0.38717172622680707,0.13187495231628432,1.0962084035177173
74.80884194374084,-0.8709665870666503,0.22330759048461957,0.24667254447937026,0.9323606705317972
74.83965253829956,-0.9994627571105956,0.310563068389893,0.013099107742309712,1.0466837196223622
74.87004804611206,-0.7664419746398925,0.05368326187133832,0.007452878952026509,0.7683558670952659
74.90130496025085,-1.1374136543273925,0.41402338027954144,-0.13699349403381333,1.2181512212677386
74.93208694458008,-1.406065616607666,0.7771348762512211,0.16442767143249526,1.614928974668858
74.96351933479309,-1.4935251808166503,0.8900632667541508,0.3592123126983644,1.7753488587183606
74.99469447135925,-0.8168379402160644,0.043335895538330504,0.17761317253112807,0.8370475849526741
75.02614116668701,-0.7676512336730956,-0.0008993339538569955,0.1600102519989015,0.7841508184693415
75.05769753456116,-1.112169895172119,0.44568918228149457,-0.09294137001037583,1.2017482353593516
75.08922481536865,-1.1151396369934081,0.40332887649536175,-0.020492639541625834,1.1860145618347964
75.11952638626099,-1.3119131660461425,0.5892572212219243,0.19203463554382338,1.4509367764502512
75.15033626556396,-1.5112673377990722,0.7303399848937993,0.24323931694030776,1.6960220591544668
75.18140864372253,-1.0336615180969237,0.3156575965881352,0.13163462638854995,1.0887715679345635
75.21225070953369,-1.0472342109680175,0.310776691436768,0.10393849372863784,1.097308003725831
75.24276733398438,-1.2809607124328612,0.5396451759338383,0.07739392280578627,1.3921447776694904
75.27354598045349,-0.7536779975891112,0.28560731887817425,0.08720246315002456,0.8106826347135745
75.30508136749268,-1.1394201850891112,0.2414998817443852,-0.0259652996063231,1.1650213508149552
75.33545804023743,-1.1705519294738769,0.4933500099182133,0.16595021247863784,1.2810642157608736
75.36727142333984,-1.5770289039611816,0.9011163520812993,0.32010928153991713,1.8443158070258239
75.39811515808105,-1.0401712989807128,0.23372362136840863,0.26301280021667495,1.0980704874854816
75.42920136451721,-0.3210722541809081,0.2776765632629399,0.03358498573303237,0.42581641285537025
75.45999717712402,-1.5332857704162597,0.20891473770141644,-0.12178620338439927,1.552237900814376
75.49150204658508,-1.2402407264709472,0.9771737861633305,-0.10540017127990708,1.5824584873126355
75.52226448059082,-1.0201880073547362,0.2504606056213383,0.24936715126037612,1.0796749795407645
75.55290341377258,-1.6355234718322753,0.6943197059631352,0.24798766136169448,1.7940219511451572
75.58390378952026,-1.063872013092041,0.29221055984497113,0.15294924736022963,1.113824108103916
75.61556148529053,-1.189186725616455,0.285599689483643,0.1046656703948976,1.2274718544939238
75.64602899551392,-0.9947973823547362,0.46752260208129925,-0.030389871597289897,1.0996011821075877
75.67675447463989,-0.7220598793029784,0.09904764175415082,0.003205213546753072,0.7288286342000914
75.70794939994812,-1.003945026397705,0.46897027969360394,-0.03380402565002427,1.1085943583722286
75.73891854286194,-1.277870807647705,0.5460481452941899,0.12480154991149917,1.3952411278620391
75.7693383693695,-1.605528507232666,0.9750127601623539,0.38087550163269057,1.9166214591723945
75.80113077163696,-0.8965326881408691,-0.02127363204956012,0.22993031501770034,0.9257922974889193
75.83267998695374,-0.18112054824829094,-0.039649028778075746,-0.020551767349243022,0.1865450980915435
75.86282753944397,-1.5685659980773925,0.8007650184631352,-0.07009228706359849,1.7625370446673163
75.89351081848145,-1.2962805366516112,0.650895099639893,-0.022041406631469584,1.4506872454265631
75.92425894737244,-1.2269598579406737,0.5523404884338383,0.26841488838195815,1.3720630672335103
75.95603704452515,-1.6423975563049316,0.7701959419250493,0.3040694332122804,1.8393286117842733
75.98680067062378,-0.6468168830871581,0.22498224258422894,0.23057070732116713,0.7226008170486652
76.01741480827332,-1.091612491607666,0.09654710769653363,0.17103806495666518,1.1091407464801675
76.04983234405518,-1.0649057960510253,0.39270494461059613,0.03540125846862807,1.135559235392783
76.08051061630249,-0.6007563209533691,-0.09628583908081012,-0.07499321937561021,0.613027815784277
76.11116766929626,-1.2742258644104003,0.3862294960021977,-0.04690321922302232,1.3323005250648317
76.14165616035461,-1.30530611038208,0.5838651466369633,0.20551434516906752,1.444630990020797
76.17337036132812,-1.6710611915588378,0.8158693122863774,0.4483865833282472,1.9128875473413143
76.20419478416443,-0.7177187538146972,0.269028644561768,0.32405987739563,0.8321727136296495
76.2351438999176,-0.7256800270080566,-0.48070241928100543,0.04524127006530776,0.8716266918917452
76.26661515235901,-1.5633799171447753,1.0521154212951664,-0.11607750892639146,1.8880089017632482
76.29736042022705,-1.2128149604797362,0.47334955215454144,0.045265111923217916,1.3027006015373566
76.32870388031006,-1.3276945686340331,0.458786945343018,0.29464570045471206,1.4352959338038747
76.35926175117493,-1.2613836860656737,0.40515802383422894,0.28517094612121596,1.3551989876994275
76.39074206352234,-0.9545351600646972,0.2252950477600102,0.21615115165710463,1.00429903450497
76.42165875434875,-1.5387827491760253,0.6575822639465336,0.18590060234069838,1.6836940983947795
76.45210027694702,-0.9822947120666503,0.3931550788879399,-0.05062159538269029,1.059262178749234
76.48400163650513,-0.6947447395324706,0.24216936111450238,-0.021035757064819194,0.7360426316769545
76.51393127441406,-1.3226973152160644,0.5457410621643071,-0.07260331153869615,1.4327012024348957
76.5450050830841,-1.3409773445129394,0.5235624122619633,0.08425179481506362,1.4420250354831223
76.57593274116516,-1.5340830421447753,0.7701215553283696,0.40647307395935073,1.7640063350315722
76.60698175430298,-0.8451468086242675,-0.2440500450134273,0.17170849800109877,0.8962797336125778
76.63848161697388,-0.5845610237121581,0.42514513015747113,0.08835497856140151,0.7281940499458953
76.66779327392578,-1.14551607131958,0.2909669685363774,0.017000112533569478,1.1820143189728491
76.7003026008606,-1.2290808296203612,0.6679372596740727,0.04295054435729995,1.399508705889954
76.73089504241943,-1.2568098640441894,0.3856344032287602,0.18804875373840346,1.3280238179697466
76.76182770729065,-1.1505877113342284,0.2645273017883305,0.16926423072814956,1.1926764668881267
76.79279589653015,-1.0765120124816894,0.3873739051818852,0.07756129264831557,1.146713743508169
76.82378244400024,-1.268553409576416,0.6009130287170414,0.14495316505432143,1.4111469239909442
76.85478568077087,-1.258959445953369,0.6246366310119633,0.14451399803161635,1.4128107102454566
76.88566088676453,-1.063566837310791,0.41811464309692425,0.20571413993835463,1.1611686266731132
76.91691040992737,-1.042814884185791,0.385331134796143,0.05973568916320815,1.1133334265540182
76.94768595695496,-1.2257658576965331,0.552353839874268,0.1416968441009523,1.3519151962850833
76.97863578796387,-1.1853739356994628,0.5229196357727055,0.16617671012878432,1.3062048123864494
77.0096755027771,-1.0997244453430175,0.5103273200988774,0.1644033527374269,1.223460784706897
77.04153800010681,-1.1631781196594237,0.41616342544555707,0.1023301219940187,1.239615580976749
77.07241868972778,-1.3240782356262206,0.47732065200805707,0.06253424644470229,1.40887498056813
77.10357069969177,-1.2330385780334472,0.5533151435852055,0.185782346725464,1.36420557959359
77.13455295562744,-1.1614901161193847,0.333542804718018,0.10558930397033706,1.2130371773095514
77.16554141044617,-1.1080824470520019,0.45079896926879925,0.05962410926818862,1.1977568428377228
77.1963152885437,-1.1828810310363769,0.5147771644592289,0.16415110588073745,1.3004417127254244
77.22743129730225,-1.2159029579162597,0.43628404617309613,0.12576142311096206,1.297913597878369
77.25884461402893,-1.0715262031555175,0.46303270339965863,0.12239256858825698,1.1736897500243013
77.28986382484436,-1.0827833747863769,0.3834409523010258,0.04006901741027846,1.1493704045134963
77.32013583183289,-1.2680307960510253,0.5858735847473149,0.10187998771667495,1.4005461395240129
77.35126948356628,-1.1479937171936034,0.471146564483643,0.1441535091400148,1.249259338223296
77.38276386260986,-1.0433985328674316,0.3675966072082524,0.10287848472595229,1.1110318387159006
77.41342449188232,-1.1716505622863769,0.4423532295227055,0.019518766403198384,1.2525264077124494
77.44407272338867,-1.1452757453918456,0.4744748878479008,0.039616022109985494,1.2403033424888221
77.47462964057922,-1.21869722366333,0.5222081947326664,0.10261860847473159,1.3298326588018319
77.505610704422,-1.1223112678527831,0.39426515579223675,0.10363903999328627,1.194055545455038
77.53720736503601,-1.0206629371643066,1.1253766822814946,0.5277685260772706,1.6083423533071397
77.56839370727539,-1.8671309089660644,1.0046319770812993,0.1691011524200441,2.1269834132734813
77.59892725944519,6.613492336273193,-6.296780605316162,-0.7661434078216551,9.163771199390489
77.6302285194397,-3.861108455657959,4.4444284248352055,0.15592900276184096,5.8894326028692126
77.66125988960266,-0.06612936019897453,-4.132765789031982,0.03970519065856948,4.133485534199763
77.69185185432434,-0.23118463516235344,0.30132196426391644,0.28972807884216323,0.47768569305829767
77.7231125831604,0.3262742424011231,2.2320337104797368,0.056110773086547994,2.2564524778573865
77.75367903709412,-0.5222708320617675,-2.3023977470397945,0.28127470970153823,2.377586522066883
77.78472828865051,-2.1089846229553224,-0.7653207969665523,0.076160821914673,2.2448457704096825
77.81593370437622,0.5166219139099122,1.1952142524719243,0.07877245903015151,1.3044693984703584
77.84659218788147,0.709102954864502,0.6047563362121586,0.13555279731750502,0.9417705599809978
77.8775680065155,-1.9868961906433105,-0.8113928031921382,0.2955865001678468,2.166445506479766
77.90843462944031,-1.5595671272277831,-1.5519323539733882,0.03414717674255385,2.2004339765869796
77.94042921066284,0.9126828575134278,1.5742845344543461,-0.1538802051544188,1.8262094379778513
77.9714732170105,0.26162656784057625,0.5687379646301274,0.05093565940856948,0.6280969469843374
78.00230383872986,-1.6961256599426269,-1.4998865318298336,0.1996034717559816,2.272959174428212
78.03329133987427,-4.806644115447998,0.10331438064575238,0.1521343326568605,4.810160742531587
78.06413173675537,0.2059377098083497,1.1378679084777836,0.46764842033386245,1.247336667666541
78.09527111053467,-0.6628691291809081,0.6702356147766118,-0.040124502182006694,0.943515361513204
78.12567234039307,-1.5873858070373534,0.419419269561768,0.29560509681701674,1.6682591517289977
78.15725827217102,0.42902978897094735,-0.18431379318237262,0.09875622749328627,0.47727447726694516
78.18813133239746,-0.6456514930725097,-0.368239421844482,0.03821459770202651,0.7442623716033527
78.21917772293091,-0.5668875312805175,-0.06074621200561481,-0.05016383171081529,0.5723355531558928
78.25064420700073,-0.5343939399719237,0.015379886627197692,0.11779728889465346,0.5474391521094485
78.2811050415039,-0.6542469596862792,-0.2555265617370601,0.10338870048522963,0.7099451608398553
78.31211709976196,-0.6432921028137206,-0.04821493148803668,0.054679784774780416,0.647409675571744
78.34341406822205,-0.5697561836242675,-0.13605978012084918,0.13949767112731948,0.6021577640407617
78.37408423423767,-0.6814505195617675,0.013911228179932067,0.1618703937530519,0.7005500390794687
78.40548014640808,-0.47145429611206047,-0.13883497238159137,0.09766665458679213,0.5010819077724633
78.43614077568054,-0.47574010848999015,-0.21289731979370075,0.013646993637085103,0.521382930327355
78.4669759273529,-0.68463960647583,-0.10061742782592731,0.03707591056823745,0.692986205261078
78.49834728240967,-0.5884663200378417,-0.10039617538452106,0.037032995223999166,0.5981165810993537
78.52910828590393,-0.48002973556518547,-0.06749059677123981,0.054675016403198384,0.4878246458493154
78.55970668792725,-0.4464489555358886,-0.15800764083862262,0.07414523124694838,0.47935435721305014
78.59124779701233,-0.5551115608215331,-0.048628826141356996,0.13790741920471206,0.5740488341259036
78.62298202514648,-0.5650431251525878,-0.09410192489623981,0.18264285087585463,0.6012381529206544
78.6536591053009,-0.49776044845581047,-0.09175588607788043,0.03478709220886245,0.5073408602322648
78.68460369110107,-0.08058229446411125,-1.0091715049743648,0.15485516548156752,1.0241585594572984
78.71527314186096,-0.7024103736877441,0.14763925552368207,0.09798375129699721,0.7244159705265857
78.74563455581665,-0.9417139625549316,0.16631792068481488,0.05796710014343276,0.9580433302888081
78.76139330863953,-0.4661680793762206,0.11964700698852582,0.30648318290710463,0.5705786763589193
78.77708745002747,-0.9268061256408691,0.6081781196594243,0.32436791419982924,1.1550172135168633
78.80767130851746,-0.75458589553833,0.8832959938049321,0.21943131446838393,1.1822697611740516
78.83939480781555,-0.69062105178833,0.10064218521118207,0.18652478218078627,0.7224110886364431
78.8704297542572,-0.7112223243713378,0.3878927040100102,0.0811971759796144,0.8141811382582075
78.90080738067627,-0.5404020881652831,0.14986131668090863,0.11892882347106948,0.5732686073586681
78.93165850639343,-0.7908007240295409,-0.13999654769897418,0.17201367378234877,0.8213120737340817
78.9630491733551,-0.327797565460205,0.015318851470947692,0.055982980728149556,0.33289638817991807
78.9940755367279,-0.8811613655090331,0.4453859138488774,0.01462927818298354,0.9874350510797653
79.02467584609985,-0.43041959762573234,-0.11583425521850543,0.09611025810241713,0.45597783544250964
79.05628323554993,-0.24254957199096672,0.024104099273682067,0.03070107460021987,0.24567022297463104
79.08717894554138,-0.06784502029418937,0.01173112869262738,0.052699003219604634,0.08670496582931023
79.11865186691284,-0.17820802688598625,0.1368722724914555,-0.004443254470825053,0.22474844233912758
79.1492166519165,0.01284536361694344,0.21335504531860394,-0.055447664260864116,0.22081626344393326
79.17978525161743,-0.33042779922485344,0.357865314483643,0.013374719619751119,0.48726686418836623
79.21095752716064,0.2727559471130372,0.20183656692504925,-0.07865056037902818,0.3483098004385679
79.2416021823883,0.3693450355529786,-0.3114614677429195,-0.20214947700500474,0.5237255122958988
79.27286291122437,-0.13411108016967765,0.05118272781372113,-0.18498763084411607,0.2341492622581804
79.3039960861206,0.2990153694152833,0.11991594314575238,-0.292890634536743,0.43540205370028934
79.33513236045837,-0.23362413406372062,0.3590211677551274,-0.2616353893280028,0.5019258031443434
79.36653685569763,0.39086755752563485,-0.5211553764343257,-0.18282898902893052,0.6766142277116259
79.39706873893738,0.0795043373107911,0.23117731094360394,-0.16632374763488755,0.29568137880775913
79.42785310745239,0.5967973136901856,-0.09057714462280231,-0.21597584724426255,0.641105934576119
79.45877647399902,0.20095666885375985,-0.023671169281005433,-0.20918044090270982,0.29103326934936796
79.49020504951477,1.4363397026062013,-1.1622228813171382,-0.5191274547576903,1.9191995939513897
79.51982188224792,-0.31672922134399406,1.0207261848449711,-0.46508893013000474,1.16555010918056
79.55115604400635,0.7234261894226075,-0.5598154258728023,-0.48926028251647935,1.0373593334210507
79.58210134506226,-0.4401518440246581,0.930069904327393,-0.7248931789398192,1.2586634949847992
79.61366558074951,0.42043718338012703,0.08895776748657269,-0.5170370006561278,0.6723155283141201
79.64458680152893,1.9818442726135255,-1.8271913719177242,-0.39257964134216294,2.7240509916846176
79.67544531822205,-0.7660109138488769,0.8971071052551274,-0.6403461360931395,1.3422432910781261
79.70577955245972,0.44736989974975594,-1.039177913665771,-0.5982523822784422,1.2798189232679298
79.73795580863953,0.4860261344909669,-0.4883127403259273,-0.41498288154602037,0.8042894552019728
79.77004599571228,0.10783895492553719,-0.5071306419372554,-0.6028095149993895,0.7951037916932129
79.8010561466217,-0.155617389678955,0.19753358840942425,-0.4087782764434813,0.47993329725337747
79.83210515975952,-1.9798390007019042,1.7690648841857914,-0.4851294422149657,2.6990190086146866
79.8621597290039,1.329926815032959,-1.3993654441833492,-0.6257544422149657,2.029408190007603
79.8920750617981,0.9031117820739747,-1.5321359825134273,-0.4096775913238524,1.8250718584938317
79.92370748519897,1.0123809242248536,-2.1593504142761226,-0.49429663658142076,2.4355776547473367
79.95504117012024,1.8026574516296388,-1.8375883293151851,0.057328615188598775,2.5747992787925584
79.98626494407654,-2.137442264556885,1.4524507331848149,-0.43161591529846177,2.620031462593932
80.01706671714783,1.0458186531066895,-1.449141521453857,-0.17988642692565904,1.7961366682353461
80.04832434654236,-2.595936450958252,2.739792804718018,-0.4117546939849852,3.7966949572249042
80.07960891723633,-0.36321989059448234,-0.3475656700134273,-0.15470608711242662,0.5259891227820097
80.1106858253479,-2.60279146194458,1.853003482818604,-0.043106164932250834,3.195309600518336
80.14066338539124,-0.9284464454650878,0.3283223915100102,-0.08064755439758287,0.9880852305818156
80.1707055568695,-2.0667606925964357,1.7012967872619633,-0.17648419380187974,2.68273315659077
80.20261430740356,-1.4345099067687987,0.6665696907043461,0.05667773246765151,1.5828285411064555
80.23355412483215,-1.539910945892334,0.45634935379028363,-0.1554046535491942,1.613608087587744
80.26424431800842,-0.8351122474670409,0.0031442451477055045,0.03758564949035659,0.8359635358044112
80.29580092430115,-1.6374785041809081,1.0364465522766118,0.16671410560607924,1.9450837772159468
80.32656741142273,0.07387193679809578,-0.9420957756042476,0.03981677055358901,0.9458260351010581
80.35723066329956,-1.795347843170166,1.237982730865479,0.35599747657775893,2.2096627170739533
80.38901829719543,-0.10139623641967765,-1.0703859519958492,0.41477862358093276,1.152409905185576
80.41936159133911,-0.5591112709045409,0.10451219558715863,0.29719439506530776,0.6417575248777171
80.45045685768127,0.2832883262634278,-1.0568819236755367,0.5467313861846925,1.2231790077616083
80.48159551620483,0.17457708358764656,-1.2020445060729976,0.5735844707489015,1.343274840745014
80.51193380355835,-0.11572519302368156,-1.008690853118896,0.6330894565582277,1.1965165345582511
80.54331612586975,1.371343936920166,-2.7250375938415523,0.4526728725433351,3.0840439054452666
80.57448244094849,-2.370127353668213,1.2952413368225102,0.47982493400573745,2.743243656789105
80.60520792007446,-0.6092783546447753,0.29486558914184613,0.971729669570923,1.1842400009385883
80.63587808609009,-1.7789827919006347,1.4258832740783696,0.40975800514221206,2.3164249411438207
80.66833186149597,-1.6849161720275878,0.9232301521301274,0.6445597743988039,2.0265127000182743
80.69858431816101,0.8175996208190919,-1.8636446189880367,0.7710551357269289,2.176273518695998
80.72983980178833,-1.3027483558654784,0.47940919876098675,0.6036261653900148,1.5137209142078707
80.76100182533264,-0.5731131172180175,0.6110601234436039,0.7152155971527101,1.1015382290237472
80.79159498214722,-1.6492983436584472,1.1273832130432133,0.5494674777984621,2.0719779063987
80.82349276542664,-0.980019245147705,0.4613942909240727,0.668636236190796,1.2729480857067972
80.8547420501709,0.17517217636108406,-0.3857088279724117,0.5750407314300539,0.714232759085259
80.88411045074463,-1.6582609748840331,1.6140966224670414,0.6901926136016847,2.414850556732896
80.91605758666992,-0.3838755226135253,-0.06715108871459918,0.6409033870697023,0.7500845533236769
80.9470112323761,-0.40284029006958,0.4748353767395024,0.40953007698059096,0.7452944507095282
80.97822642326355,-0.6234623527526855,0.5519628334045414,0.8419903850555421,1.1841942759893174
81.00962734222412,0.4238313102722169,-0.3225717735290523,0.40181962013244643,0.6671915285494309
81.0402455329895,0.16418584823608406,0.0014200019836430045,0.42071286201477065,0.45161745031751754
81.0715012550354,0.04469331741333016,-0.6553030204772945,0.447317991256714,0.7946778759786985
81.10192942619324,0.5297101402282716,-1.3731241416931148,0.4085902309417726,1.5274189726404996
81.13305735588074,0.22288736343383797,-0.2384329032897945,0.2086404895782472,0.3873756317079573
81.16435813903809,-0.40449300765991203,0.6727857398986821,0.2502945995330812,0.8239554791444768
81.19532775878906,0.9362529182434083,-0.9272585105895992,0.1659287548065187,1.328122819641234
81.22634172439575,-0.03871408462524406,0.33376214981079144,0.23025361061096206,0.40732380018122716
81.25684380531311,0.3535111808776856,-0.07023908615112262,0.1405557727813722,0.3868586427767245
81.28803586959839,0.9762700462341309,-0.5671854209899898,0.2426179981231691,1.1548445774089595
81.31924200057983,0.3886197471618653,0.13537881851196332,0.11764231681823745,0.4280098679846176
81.34974360466003,0.25863775253295906,-0.07957746505737262,0.06322566032409682,0.2778912451008049
81.38036441802979,0.4704774284362794,-0.33921339035034137,0.08110276222229018,0.585655524093364
81.41135573387146,0.8332112693786622,-0.5820989799499507,-0.06753548622131333,1.0186467904909553
81.44340920448303,0.5321916007995606,-0.1063833427429195,0.01840106010437026,0.5430321487607535
81.47294998168945,0.37621244430542,-0.23813154220581012,0.10577431678771987,0.45763592596679425
81.50452899932861,0.22100194931030281,-0.05494787216186481,0.0261892414093019,0.2292313386508594
81.52064490318298,0.07281431198120125,-0.16663076400756793,0.024209413528442525,0.1834498057955708
81.57070112228394,0.2738116645812989,-0.6903619956970211,-0.07444390296936021,0.7464009696221375
81.59769582748413,0.10734018325805672,-0.37625791549682575,-0.09963044166564927,0.4037550728131871
81.62998557090759,0.3309996986389161,-0.4609670829772945,-0.015121068954467631,0.5676971893659286
81.6601402759552,-0.007053050994872967,-0.10509969711303668,-0.03456076622009263,0.11086089672787347
81.69065308570862,0.3758452796936036,-0.225722332000732,-0.04098280906677232,0.4403292359937225
81.72254538536072,-0.22565046310424797,-0.2546873283386226,0.03329649925231948,0.3418953400938461
81.75433158874512,-0.09795633316040031,-0.20108510971069293,0.07523528099060073,0.2359894320924719
81.7842960357666,-0.8816210365295409,-0.8114958000183101,0.141074094772339,1.2065168816533873
81.81552147865295,-0.25747648239135734,-0.5202226829528804,0.09537068367004409,0.5882357912835734
81.8453722000122,-0.5055758094787597,-0.6090288352966304,0.12806883811950698,0.8018258218903616
81.8760576248169,-0.07549539566040031,-0.3244486045837398,0.07201376914978042,0.34081143573743855
81.90756678581238,-0.09877458572387687,-0.43077566146850543,0.10071459770202651,0.4532852517883556
81.93919157981873,-0.24858156204223625,-0.4496927452087398,0.05799952507019057,0.5170882932237959
81.97005772590637,-0.22990480422973625,-0.22282888412475543,0.0530137157440187,0.32452948196609915
82.00130105018616,-0.106545124053955,-0.3604307365417476,0.056232843399047994,0.3800319881015823
82.03236055374146,-0.11827054977416984,-0.1316213798522945,0.051725778579712056,0.18435744288686523
82.06287145614624,-0.1284586524963378,-0.20934202194213825,0.09569064140319838,0.26359515626079527
82.0943431854248,-0.18990198135375969,-0.38595106124877887,0.015301141738891744,0.43041271953748766
82.12564945220947,-0.21794095993041984,-0.2086038780212398,0.054891977310180806,0.30663817295619694
82.15574336051941,-0.2689138984680175,-0.28034498214721637,0.0984553432464601,0.40075110532370156
82.18746519088745,-0.15313306808471672,-0.2602510643005367,-0.05036124229431138,0.30613168365268384
82.21779799461365,-0.04890695571899406,-0.28063108444213825,0.09540930747985854,0.30041410057894485
82.24935126304626,-0.17039457321166984,-0.20942022323608356,-0.008273687362670756,0.27011033742308604
82.28006362915039,-0.10130373001098625,-0.282698650360107,0.07430544853210463,0.30935783861270116
82.31062364578247,-0.19291845321655265,-0.1137991142272945,0.0737966632843019,0.23582560400066968
82.3420422077179,-0.15614000320434562,-0.23514463424682575,0.011917982101440572,0.2825150224556152
82.37297892570496,-0.16415754318237297,-0.2538461875915523,0.054760370254516744,0.3072202533832201
82.40377593040466,-0.1578613853454589,-0.231947917938232,0.054491910934448384,0.28581361405005906
82.43485617637634,-0.12593236923217765,-0.2643461418151851,0.03361884117126479,0.29473389827894286
82.46582531929016,-0.26261678695678703,-0.25844289779663043,0.09818497657775893,0.3813143032179636
82.49631762504578,-0.26692071914672844,-0.22701551437377887,0.096790704727173,0.3635260026432509
82.52885293960571,-0.16442838668823234,-0.30767156600952106,0.07671299934387221,0.357188145307174
82.55874681472778,-0.19426599502563469,-0.298171062469482,0.07638445854187026,0.3639778081479891
82.59032678604126,-0.21079889297485344,-0.299178142547607,0.07661095619201674,0.37391572963211256
82.62158536911011,-0.13697973251342765,-0.19164754867553668,0.05307665824890151,0.24147331464089997
82.65342545509338,-0.04528394699096672,-0.27863409042358356,0.07366410255432143,0.29174302426346377
82.68357801437378,-0.24074903488159172,-0.18238164901733356,0.07553139686584487,0.311332869461619
82.71440410614014,-0.18408838272094719,-0.22022535324096637,0.13822880744934096,0.31858270836909736
82.74503135681152,-0.1811625099182128,-0.3272390556335445,0.05587235450744643,0.3781890724624475
82.77642965316772,-0.16462579727172844,-0.3262357902526851,0.05564633369445815,0.36963219343393394
82.80687642097473,-0.19695726394653312,-0.24452497482299762,0.03394404411315932,0.3158113760842824
82.83837080001831,-0.1243683433532714,-0.13496686935424762,0.07306138038635268,0.1975386188968706
82.86950755119324,-0.15715280532836906,-0.37269117355346637,0.056026849746704244,0.40833163355265045
82.90018677711487,-0.18121877670288078,-0.27359487533569293,0.05549708366394057,0.33282777398354896
82.93125915527344,-0.24562612533569328,-0.20063116073608356,0.013691339492797994,0.3174468599353929
82.9615797996521,-0.25703207015991203,-0.21848012924194293,0.0972041225433351,0.3510665085189496
82.99377226829529,-0.17413297653198234,-0.31052495956420856,0.07684079170227065,0.36421497950753345
83.02410554885864,-0.15772787094116203,-0.20638753890991168,0.012086782455444478,0.2600384352341927
83.05594086647034,-0.10539499282836906,-0.359786052703857,0.03407946586608901,0.37645121626478034
83.08578872680664,-0.15854040145874015,-0.41450979232788043,0.014844808578491353,0.4440425600909592
83.11660289764404,-0.1580454444885253,-0.23763181686401325,0.053948793411255025,0.29044399670194204
83.14786410331726,-0.15247121810913078,-0.16659833908081012,0.03268042564392104,0.22818959037702524
83.17928910255432,-0.3287922477722167,-0.32486440658569293,0.12036410331726088,0.4776282468916065
83.20932364463806,-0.1577850914001464,-0.15274335861206012,0.011711034774780416,0.2199177505426542
83.24068093299866,-0.16810194015502922,-0.3762216758728023,0.055952463150024556,0.4158505618764748
83.27194714546204,-0.16664758682250969,-0.26807310104370075,0.03382817268371596,0.3174570064813051
83.30292916297913,-0.18566003799438469,-0.26772596359252887,0.09650364875793471,0.3397937543764148
83.33376288414001,-0.17682424545288078,-0.25688650131225543,0.03439990043640151,0.31375283502538487
83.36476302146912,-0.20875516891479484,-0.22448446273803668,0.0552729701995851,0.3114917266864623
83.39596962928772,-0.20754114151000969,-0.35937025070190387,0.035775575637817525,0.4165335452530136
83.42756700515747,-0.1550366020202636,-0.26002981185913043,0.054527196884155416,0.30761187594357897
83.44325566291809,-0.22246995925903312,-0.2535734367370601,0.05553618431091323,0.3418722544448078
83.4590950012207,-0.12889638900756828,-0.17994024276733356,0.0737060642242433,0.2332924215866979
83.48954248428345,-0.15879407882690422,-0.29028989791870075,0.05581990242004409,0.33555870695053946
83.52113175392151,-0.08419576644897453,-0.28553106307983356,0.05365935325622573,0.3024834561811713
83.55182242393494,-0.19408288955688469,-0.29519178390502887,0.014069471359253072,0.35355948202263227
83.5826666355133,-0.06529012680053703,-0.20965291976928668,0.010517988204956197,0.2198357921297093
83.6135504245758,-0.13252798080444328,-0.22587873458862262,0.09521285057067885,0.2786581334704852
83.64449000358582,-0.1344400978088378,-0.19999982833862262,0.054098520278930806,0.24698324058668086
83.67541480064392,-0.18331686019897453,-0.29464056015014606,0.07645979881286635,0.3553367863778055
83.70537567138672,-0.2326599693298339,-0.2552671623229976,0.03558388710021987,0.34721491688888606
83.73721551895142,-0.23430982589721672,-0.33115674972534137,0.054645929336547994,0.4093312411650146
83.76892375946045,-0.33057466506958,-0.5267572593688961,0.06673756599426284,0.6254652046265515
83.7997260093689,-0.23793664932250969,0.012373905181885192,-0.1225376987457274,0.2679224705659678
83.82990646362305,1.0171006584167481,-1.168034572601318,-0.16962965965270982,1.5580669862292893
83.86058735847473,1.2763217353820802,-1.6301565361022945,-0.4378009700775145,2.116146779835125
83.89217948913574,0.15363725662231453,-0.4386263084411617,-0.23217877388000474,0.5195232700462746
83.92322278022766,0.30413469314575203,-0.46715452194213825,-0.17059906959533677,0.5829539445725048
83.95438194274902,-0.016163501739501873,-0.2341165733337398,-0.12822207450866685,0.26741864013064115
83.98515462875366,0.29009756088256844,-0.6381998252868648,-0.16816815376281724,0.7209272777237624
84.01607131958008,0.21095022201538094,-0.44000722885131793,-0.04527386665344224,0.49005722177262956
84.04737091064453,0.2733662986755372,-0.7481928062438961,0.20826617240905776,0.8233446466314083
84.0784010887146,0.03588422775268563,-0.05413915634155231,0.26986351966857924,0.27756989263732357
84.10898780822754,0.32360490798950203,-0.3552065086364742,0.2257427310943605,0.5308969588296286
84.13906669616699,0.37797197341918953,-0.6261816215515132,0.372979555130005,0.8210237416812352
84.16977024078369,-0.015181217193603436,0.06432245254516644,0.3753861522674562,0.38115956051379635
84.20120739936829,-0.03639188766479484,-0.18167593002319293,0.5863703823089601,0.6149477524853272
84.23310232162476,-0.5988451576232909,0.29161928176879925,0.6994132137298585,0.9658344432914697
84.26434874534607,0.043893184661865314,-0.34282781600952106,0.4685577487945558,0.5822404031369179
84.2961676120758,-0.08237806320190422,-0.1837473106384273,0.7637538051605226,0.7898538436704156
84.3274450302124,0.3654664421081544,-0.3955106925964351,0.6027020549774171,0.8082352351508231
84.35757946968079,-0.12609926223754875,-0.23292257308959918,0.6153668498992921,0.6699479897324208
84.38805437088013,-0.23870435714721672,-0.30997182846069293,0.8582939243316652,0.9432554082034099
84.41973304748535,1.078461971282959,-1.0471067619323726,1.147254858016968,1.8909538607886651
84.45047497749329,-0.6684214210510253,0.4937619972229008,1.1335133647918703,1.4055037012342613
84.48156595230103,-0.7937990760803222,0.6353235054016118,1.1812438106536867,1.5585537751099279
84.51304078102112,0.1539204978942872,0.18661973953247113,1.245052251815796,1.268334954421259
84.54356360435486,1.3478330039978028,-1.7433233451843257,1.257007989883423,2.5369074045304005
84.57471871376038,-0.440834674835205,0.17861078262329144,1.1815198993682863,1.2736664770690995
84.6048755645752,-0.0411001777648925,-0.00905134201049762,1.112922582626343,1.1137180192150011
84.63602876663208,-0.2473246192932128,0.06084344863891644,1.3661455249786378,1.3896852118267529
84.66765785217285,0.6842683219909669,-0.8235826683044429,1.5792211627960206,1.9079966008970286
84.69767427444458,0.26885160446167,-0.8403883171081539,1.4533733463287355,1.7002434509717352
84.72884941101074,1.6546510124206544,-1.658604640960693,1.2970232105255128,2.677892555081879
84.76089143753052,-0.047766361236572186,0.07119081497192425,1.5685447788238527,1.5708858903745104
84.79162979125977,0.19410833358764656,-0.383986492156982,1.3980540370941164,1.462764082811153
84.82350134849548,0.39097246170043953,-0.7943506431579586,1.3404392337799074,1.6064338609323539
84.85262894630432,-0.1197134590148925,0.3798188972473149,1.2822498416900636,1.342668374353723
84.8837640285492,1.1458104515075684,-1.3266287040710445,1.4396070575714113,2.2683240045149224
84.91467428207397,-1.2176882362365722,0.8773908424377446,1.6262816524505617,2.21300052963389
84.94693613052368,-0.5769297218322753,0.7891549873352055,1.6315797901153566,1.9020163273437918
84.97640419006348,0.7346127891540528,-0.05880071640014606,1.400666151046753,1.5827125894886895
85.0075614452362,0.9169972801208497,-1.0980253410339351,1.4862836933135988,2.062906415306239
85.03841185569763,0.46180471420288094,-0.39251043319702106,1.677112970352173,1.783265529738072
85.06913542747498,-2.0924612617492677,2.301459293365479,1.6662596797943117,3.5286726019068286
85.10075902938843,0.417197551727295,-0.4942751121520992,1.4604481792449953,1.5972697229711208
85.13125586509705,1.1194051170349122,-0.539809246063232,1.5291585063934328,1.9704790219270782
85.16262531280518,-1.8855196571350097,1.350153903961182,1.6574353313446046,2.8504722099002375
85.19402813911438,1.4904263877868653,-1.8617754173278804,1.3599866962432863,2.7453856443014586
85.22575259208679,0.5283330345153809,-0.6952676963806148,1.6415790653228761,1.8593855954849616
85.25666785240173,-2.455259952545166,3.029131870269776,1.6322955226898195,4.227094746448132
85.28564119338989,1.4961274528503419,-1.0585203361511226,0.8879493808746339,2.036496196955345
85.31823253631592,1.5313371086120606,-1.4373579216003414,1.0658120250701906,2.355195619854924
85.3494861125946,0.4891389274597169,-1.2020693016052242,1.4191841220855714,1.9230993392432716
85.38067126274109,-2.2290789222717287,2.561877231597901,1.3029684162139894,3.6372701968848844
85.4114511013031,0.03469404220581063,0.6350374031066899,0.7680396175384523,0.9971765310202999
85.44262790679932,1.7893060111999513,-1.609562892913818,0.9619745349884035,2.5918533357286124
85.47368574142456,1.8273471260070802,-2.173426647186279,1.0040611362457277,3.01182995452014
85.50429511070251,-0.3687178230285644,0.2655324745178227,1.1309675312042238,1.218830539771899
85.53502821922302,-1.4333464241027831,1.9544725227355961,0.5568231678009035,2.486864864405888
85.56672358512878,-2.322243366241455,2.1739415931701664,1.0189785099029542,3.3402325527142165
85.59644389152527,2.456934299468994,-0.9926309776306148,0.18856802940368667,2.6565768032135444
85.6287477016449,1.2079327964782716,-1.1539488029479976,0.6485609149932863,1.792018621859121
85.65909767150879,2.188395824432373,-2.155470867156982,0.22260609626770034,3.0797214837791844
85.69125056266785,0.9822820091247559,-1.2257604789733882,0.711508665084839,1.7244162136079695
85.72182989120483,-1.2051092720031737,1.3387555885314946,0.374836359024048,1.8398524884725767
85.75342512130737,-2.1240679359436037,2.4793309974670414,-0.1908231639862059,3.270345588988776
85.78347706794739,-1.6763578987121581,2.3792657661437993,0.6341857051849367,2.97880393768697
85.81521844863892,0.7442429924011231,-0.5342416954040523,0.17545548439025893,0.9327896053499924
85.84578800201416,1.824154224395752,-0.9270181846618648,-0.13858040809631333,2.0508792940060583
85.87579488754272,2.8397859001159667,-2.6086645317077632,0.08552733421325698,3.8570493284874074
85.90729093551636,1.4619820976257325,-1.2359647941589351,-0.376903142929077,1.951168010533253
85.93738889694214,2.1634715461730956,-1.919823665618896,-0.14614781379699693,2.896151104767951
85.96922135353088,-1.0959211921691894,0.41742990493774457,-0.111552801132202,1.1780216519327276
85.99987983703613,-0.9357287025451659,1.459784488677979,-0.8491989040374754,1.9307246662251294
86.03072142601013,-2.410978946685791,2.5875253486633305,-0.12637099266052232,3.5389372047443035
86.0626974105835,0.10935720443725594,0.8031606483459477,-0.7866340541839598,1.1295216511495951
86.09294295310974,2.19291051864624,-1.4252023887634273,-0.8701759243011473,2.7563135763116025
86.12405753135681,2.0694631004333495,-2.094862957000732,-1.0481077098846434,3.1256452300586983
86.15493750572205,1.6898663902282716,-1.9637212944030757,-0.39392241477966294,2.620500831478796
86.18589496612549,-1.1814123725891112,1.412512760162354,-0.8979912662506102,2.0487351722442018
86.21747350692749,-1.9719168281555175,2.910031299591065,-0.5319491291046141,3.5552367034724615
86.24871563911438,1.2180331611633302,-0.6789713096618648,-1.4008458518981932,1.9766071743818643
86.27979707717896,3.030465450286865,-3.4061880302429195,-0.8768273258209227,4.642700065916253
86.31073331832886,0.8258260154724122,-0.4497862052917476,-0.7402659320831297,1.1967831418033492
86.3423421382904,-1.595030460357666,1.5543908882141118,-1.2611542606353758,2.5594458915848572
86.37323498725891,0.11642011642456063,0.5178193855285649,-1.4892011547088622,1.5809524466990452
86.40385293960571,2.9155400657653807,-2.556532878875732,-1.2601984405517577,4.077294978956627
86.43473696708679,-0.1774832344055175,0.20191286087036175,-1.1262141132354735,1.157854624178123
86.46575570106506,-2.3807016944885255,2.4738359260559086,-1.0996492767333983,3.605112103528227
86.49705457687378,1.5766013526916505,-1.536961574554443,-1.1594949626922606,2.4884435447634212
86.5276710987091,1.5552905464172364,-0.9028196525573726,-1.129673328399658,2.1237169862569263
86.55862259864807,-2.379404697418213,1.649226169586182,-1.4081169033050536,3.21936436054032
86.59034490585327,1.3409322166442872,-0.7487573814392086,-1.5604506397247313,2.1894618117043247
86.61901330947876,1.711854305267334,-1.4737348747253414,-1.1507924461364745,2.535086368849944
86.65178036689758,-0.12195936203002922,0.3344602394104008,-1.5806637668609618,1.6202579058903923
86.68286204338074,0.8994420433044434,-0.7100095939636226,-1.3874655628204344,1.7994916784460788
86.71322965621948,-0.6125399208068847,1.3931608009338383,-1.368708219528198,2.0468181067317066
86.74362921714783,1.1799548530578614,-1.1570635032653804,-1.2498834991455077,2.072027549836095
86.7752046585083,-0.2969910240173339,0.2860898780822758,-1.449140634536743,1.5066717178448494
86.80613207817078,0.8236268424987794,-0.6000375938415523,-1.5117195510864256,1.8231023807906712
86.83717918395996,-0.029837284088134686,0.38925645828247113,-1.5678926372528075,1.615765507673664
86.86809945106506,0.25856050491333016,0.1618947792053227,-1.1943837070465086,1.2327270151550733
86.89926481246948,-0.20926061630249015,0.06771181106567425,-1.6769762897491454,1.6913380416918142
86.9306058883667,1.2926476860046388,-0.7858705711364742,-1.3035231494903563,1.9969234326755678
86.9610915184021,1.3915151023864747,-1.3196382713317867,-1.2180229091644286,2.2718581061726906
86.9925434589386,-0.22616830825805656,0.9164151954650883,-1.1223696136474608,1.4665205296138126
87.02366352081299,0.3268178367614747,0.3895883369445805,-1.2972246074676512,1.3933343650855297
87.0538067817688,-0.12438837051391594,0.4002389717102055,-1.3663123512268065,1.4291511964483232
87.08508777618408,0.41552862167358406,-0.5333967399597164,-0.9069524669647215,1.131255450799242
87.11643600463867,0.7829011344909669,-0.5221529197692867,-1.0979739093780516,1.4460721156587442
87.14693975448608,0.4052308464050294,-0.0035734367370601205,-1.0362888240814208,1.1127081087348578
87.17788887023926,-0.14350954055786125,0.1663961219787602,-1.2894221210479735,1.3080107277421518
87.20923018455505,0.37988409042358406,0.33931825637817425,-0.6890869998931883,0.8569070513715434
87.24083924293518,0.15246232986450203,-0.32936765670776325,-0.803576555252075,0.8817386775364152
87.27191472053528,0.9588826560974122,-0.6853037071228023,-1.0338767433166502,1.5678004463361168
87.30322170257568,-0.7303434944152831,0.5601720619201664,-0.7861557865142821,1.2104690328383072
87.33338832855225,0.2671864891052247,-0.03501989364623981,-0.5934358501434325,0.6517523464835617
87.36462450027466,0.3749020957946778,0.11019800186157269,-0.7440710926055907,0.8404385592634375
87.39604020118713,-0.6628653144836425,0.9402665901184086,-0.6587139034271239,1.3256680173431794
87.426602602005,-0.3173185920715331,0.12562273025512738,-0.5401044750213622,0.6388935773422001
87.4573495388031,-0.23216119766235344,0.5516919898986821,-0.6513062381744383,0.884569211143664
87.48820567131042,0.23361333847045906,-0.2609434318542476,-0.6332446002960204,0.723647283103621
87.51981449127197,-0.10621515274047844,0.23860834121704144,-0.34874161720275865,0.4357020940266717
87.5506579875946,-0.2932974433898925,0.078659992218018,-0.18607100486755357,0.35613649564065597
87.58146071434021,-0.5275065040588378,0.23784921646118207,-0.41231068611145005,0.7105177432529532
87.61249136924744,-0.12840906143188469,0.3614072608947758,-0.3398252391815184,0.5124307645624512
87.64379382133484,-0.6184794044494628,0.4210653114318852,-0.20576437950134263,0.7759843749013026
87.67431139945984,-0.3819853401184081,0.35795114517211957,-0.1886869335174559,0.5564571693092187
87.70559501647949,-0.017012271881103436,-0.1118459892272945,-0.10122879981994615,0.15180979090221877
87.73628807067871,-0.1086966133117675,-0.058539409637450746,-0.086192693710327,0.15056891005513526
87.76757287979126,-0.24602380752563469,0.1610402870178227,-0.039833154678344584,0.29672945274074525
87.7981595993042,0.24511465072631844,-0.10288526535034137,-0.012347784042358256,0.266118465345139
87.82903480529785,-0.03472391128540031,0.16831110000610394,-0.009686079025268413,0.17212843032777828
87.85987734794617,-0.008743915557861248,0.280899982452393,0.025740060806274556,0.28221234369061254
87.89180850982666,0.338706340789795,-0.000931758880614808,-0.026754941940307475,0.3397626824476955
87.92263102531433,0.10720666885375985,-0.032546062469481996,-0.0780888462066649,0.1365664085010487
87.95431733131409,0.11312231063842781,0.11047075271606488,0.10616913795471206,0.19045296065925987
87.985111951828,-0.030307445526122967,-0.028946895599364808,0.0480703449249269,0.06377477620784633
88.01578950881958,-0.05855813980102531,-0.05090429306030231,-0.015282239913940288,0.0790812850534992
88.0466480255127,-0.025781307220458904,0.09974382400512738,-0.015867319107055522,0.10423664444333691
88.07785749435425,-0.06745210647583,0.02750871658325238,0.027999792098999166,0.07804168446203341
88.11008262634277,0.03581651687622078,0.05734918594360394,-0.0170541667938231,0.06973232116149733
88.13925170898438,-0.050164852142333904,-0.09232236862182575,0.008720788955688619,0.1054323683619796
88.16981554031372,-0.10732618331909172,0.07375810623168988,-0.014159765243530131,0.13099491139918532
88.200936794281,-0.09070363998413078,-0.09036924362182575,0.009470853805542134,0.12838787937713456
88.23362970352173,-0.05178514480590812,-0.1145315361022945,0.04976073265075698,0.13518618456950465
88.2637870311737,-0.1522308921813964,-0.01270582199096637,-0.03236207008361802,0.15615052362034226
88.29529452323914,-0.02922311782836906,0.017016391754150817,0.006858263015747212,0.034504839885654295
88.32535243034363,-0.0334097480773925,-0.01220228195190387,0.06930914878845229,0.07790292072322069
88.35724830627441,-0.10702577590942375,0.01609514236450238,-0.012629594802856303,0.10896364981787332
88.38767981529236,-0.11299196243286125,-0.048117656707763246,-0.033253755569457866,0.1272332689234562
88.41888403892517,-0.055711421966552654,-0.05886175155639606,0.06997624397277846,0.10707540826146773
88.4492826461792,-0.08962026596069328,0.009118061065674254,0.04911890983581557,0.10260408574672718
88.4803831577301,-0.08929887771606437,0.04035661697387738,0.007258329391479634,0.09826306244199844
88.51143884658813,-0.09040513992309562,0.067948322296143,0.02751055717468276,0.11639112759758156
88.54206585884094,-0.042784366607665936,0.029061298370361754,0.048099908828735494,0.07063046310426556
88.57314229011536,-0.017989788055419842,-0.07521917343139606,0.06986704826354995,0.10422552930564845
88.60479855537415,0.0845092201232911,-0.11091138839721637,0.006155881881714009,0.13957449352867687
88.63483786582947,0.011315670013427814,0.015055637359619567,0.006104383468628072,0.019798487358614586
88.66608190536499,0.0022719764709473456,0.014016132354736754,-0.03600129127502427,0.03870021726992209
88.69760847091675,-0.01024404525756828,0.05212114334106488,-0.01538332939147935,0.05530100242839809
88.72853589057922,0.009202327728271564,0.022372226715088317,-0.05607422828674302,0.06106978337740849
88.75929951667786,-0.05003038406372062,-0.0640554618835445,0.029172811508178853,0.08635504882732303
88.79049754142761,-0.16831556320190422,-0.11666585922241168,0.010815057754516744,0.2050805134534028
88.82111167907715,-0.009190235137939373,0.04981706619262738,0.047137174606323384,0.06919619740851553
88.85198593139648,0.01748117446899422,0.0059900093078617545,-0.07747611045837388,0.07964935256536512
88.88348865509033,0.05309709548950203,-0.03141309738159137,-0.056622591018676616,0.08373889210035536
88.91459965705872,-0.010636959075927654,-0.05832769393920856,0.06925621986389174,0.09116846367294262
88.94529390335083,-0.06588808059692375,0.02836320877075238,0.006627950668335103,0.07203915953550465
88.9763195514679,-0.10999742507934562,0.003039340972900817,-0.05364140510559068,0.12241761090357015
89.00833868980408,-0.1621491050720214,-0.12303258895873981,-0.009905900955200053,0.20378291659332462
89.03947520256042,-0.034463558197021404,-0.009902019500731996,0.006788167953491353,0.03649474014097326
89.06983375549316,-0.05160585403442375,-0.111556072235107,-0.012552347183227397,0.12355356264776397
89.10075092315674,-0.09765115737915031,-0.025168437957763246,0.008579645156860494,0.10120676418964793
89.13210368156433,-0.09667554855346672,-0.10938169479370075,0.05102339744567885,0.15464121032556524
89.16268110275269,0.00809988021850594,0.04996011734008832,-0.03582581520080552,0.06200895434525408
89.19366645812988,0.038412418365478596,-0.0046529960632319955,-0.015654649734496928,0.041740056484853905
89.22514605522156,-0.04199567794799797,-0.029768962860106996,0.06971255302429213,0.08665834157911825
89.25556540489197,-0.11581579208374015,-0.020035762786864808,-0.03329094886779771,0.12215980011015885
89.28660798072815,-0.05805269241333,-0.17460157394409137,-0.053258028030395366,0.191552192025769
89.31757187843323,-0.04245344161987297,-0.013245601654052308,0.027203474044799947,0.052132232530900685
89.3484296798706,-0.07095590591430656,0.035492877960205504,-0.07603987693786607,0.1098933476364415
89.37945890426636,-0.10301176071166984,0.01126573562622113,0.007525835037231587,0.10389888275205782
89.41030287742615,0.033781375885009846,0.026602725982666442,0.004524621963501119,0.04323607972869138
89.44133996963501,-0.04809537887573234,0.04021356582641644,-0.03572663307189927,0.07215738809248777
89.4723596572876,0.012586917877197346,-0.04494192123413043,0.04779854774475112,0.06680499945639808
89.50340533256531,-0.05022779464721672,-0.08261777877807575,0.008104238510131978,0.09702683859208823
89.5342812538147,-0.09559598922729484,0.01845262527465863,0.007526788711547994,0.09765113969729348
89.5652072429657,-0.08127180099487297,0.07464311599731488,0.04780140876770034,0.12025670493954013
89.59633207321167,-0.12084165573120109,0.06322954177856488,0.007172021865844869,0.1365727594032923
89.62721920013428,0.02451070785522469,-0.0056524467468257455,0.02663651466369643,0.03663644179255389
89.65943169593811,-0.04817548751831047,-0.03899099349975543,0.007055673599243306,0.06237754164492151
89.68915247917175,-0.01643625259399406,-0.04329969406127887,0.02820626258850112,0.05422736536422734
89.71994543075562,-0.07636514663696281,-0.06524183273315387,0.07003060340881362,0.12244352891463149
89.75106883049011,-0.13757387161254875,-0.05417921066284137,-0.03283604621887193,0.15146010349198394
89.78194069862366,0.21586927413940438,-0.10544111251831012,-0.036422815322875834,0.2429896977293823
89.81301140785217,-0.17381921768188469,0.05125902175903363,-0.13791045188903794,0.2277276893297654
89.84382343292236,-0.057402286529540936,-0.043013591766356996,0.027263078689575337,0.07673634754857901
89.87574195861816,0.04936536788940438,-0.16358091354370075,0.048778924942016744,0.1776936643247216
89.90683722496033,-0.009776744842529217,-0.13541700363159137,-0.03301199913024888,0.1397252364422759
89.93781805038452,0.056626644134521564,-0.03507520675659137,-0.05655344963073716,0.08737928598982543
89.96889209747314,0.07118066787719735,-0.06223775863647418,0.10889521598815932,0.14421648360934253
89.99982118606567,-0.03297010421752922,-0.04702093124389606,-0.034422483444213725,0.0669544853883973
90.0311427116394,-0.038690242767333904,0.10343645095825238,0.025468740463256978,0.11333442113064736
90.06164336204529,0.05152353286743172,-0.07621099472045856,-0.03548821449279771,0.09860123489748947
90.09292793273926,-0.06568876266479484,0.044213275909424254,-0.03515824317932115,0.08663676685178702
90.12372851371765,-0.05311265945434562,-0.000885982513427308,0.007691774368286275,0.05367404356166968
90.15478372573853,-0.07205835342407219,-0.09937574386596637,0.008567247390747212,0.12305016251495532
90.18571615219116,-0.16114679336547844,-0.10545637130737262,0.009664449691772603,0.1928282573927884
90.21660590171814,-0.06405321121215812,-0.0044126701354976205,0.007616910934448384,0.06465526163041467
90.2482099533081,-0.08024278640747062,-0.034857769012450746,0.007471952438354634,0.08780546056027129
90.27864003181458,-0.06805768966674797,-0.03065778732299762,0.007750902175903462,0.07504548974360785
90.30936932563782,-0.017721805572509686,-0.018691082000731996,0.11077157020568862,0.11372668862207201
90.34046912193298,0.022354450225830158,0.024239521026611754,-0.015636053085327006,0.03649331419021621
90.37153124809265,-0.019377384185790936,0.045426349639893004,-0.03567465782165513,0.06092386617887712
90.40234899520874,-0.1253277397155761,-0.0043287467956538705,-0.012096967697143413,0.12598459040097643
90.43365502357483,-0.04293600082397453,-0.014786739349364808,-0.055737581253051616,0.07189454632503725
90.4647467136383,-0.040971431732177654,-0.01929761886596637,-0.03429326057434068,0.05680742938120175
90.49531388282776,-0.04072919845581047,0.07268617630004925,0.0470475292205812,0.09568499275088063
90.52705073356628,0.09745344161987313,-0.01011182785034137,0.004805955886840962,0.09809444203429275
90.5573205947876,-0.023715648651122967,-0.024931926727294496,-0.01420220375061021,0.037225469139455306
90.58809638023376,-0.015333805084228436,-0.0708913993835445,0.007957849502563619,0.07296604315449601
90.61913657188416,-0.02447286605834953,-0.024071712493896058,0.0685319042205812,0.07664848603591347
90.6500461101532,-0.05545106887817375,0.02602861404418988,0.027735624313354634,0.06724265495089346
90.6811032295227,0.0065596961975098456,0.106949787139893,-0.03756054878234849,0.11354330190858125
90.71203017234802,-0.08556047439575187,-0.02099897384643512,-0.013495531082153178,0.08912733049193575
90.74292612075806,-0.09348646163940422,0.011139850616455504,0.06970921516418471,0.11714601768911884
90.7595591545105,-0.0007349586486815607,0.03912065505981488,0.02627793312072768,0.04713274430395209
90.8058750629425,-0.05909315109252922,0.06196878433227582,0.04696408271789565,0.09766143457474882
90.83701801300049,-0.1754099464416503,0.0048494148254398795,0.050050172805786275,0.18247516524913984
90.86779379844666,-0.026328716278076092,-0.05183889389038043,0.027793321609497212,0.06444331576446463
90.89875411987305,0.027592029571533283,-0.06882383346557575,0.04811421394348159,0.08839127633524016
90.93009424209595,-0.09268728256225578,0.04121301651001019,0.047930631637573384,0.11219086650795852
90.96073389053345,-0.0048271751403807794,-0.037962932586669496,-0.013949956893920756,0.04073189374136894
90.99231314659119,-0.05688825607299797,0.006793003082275817,0.00646725654602065,0.05765625705103346
91.02285838127136,-0.17163434982299797,-0.005536098480224183,-0.011581029891967631,0.17211367952287995
91.05374431610107,-0.06472841262817375,0.044587116241455504,0.06785670280456557,0.10383790469572912
91.08467483520508,-0.11146703720092765,0.02196214675903363,0.028381261825561666,0.11710137614660814
91.11574721336365,-0.03573385238647453,-0.11236097335815387,0.02945319175720229,0.1215293670067307
91.14719724655151,-0.06515661239624015,0.020468692779541442,-0.03499039649963365,0.07673773107317353
91.17774844169617,-0.09079996109008781,-0.04520704269409137,0.04929390907287612,0.11277499330433072
91.20873522758484,-0.023201618194579998,-0.14029981613159137,-0.033494558334350444,0.1460966766611021
91.24031066894531,0.007702198028564533,-0.06319524765014606,-0.01404198646545396,0.06519310211924653
91.27113199234009,-0.029484424591064373,-0.07058240890502887,-0.013761606216430522,0.07772122969922027
91.30298709869385,-0.1464020347595214,-0.063185710906982,-0.0317483806610106,0.1625852069505256
91.33230829238892,-0.03661886215209953,0.019995670318603942,-0.035480108261108256,0.054768658729466145
91.36361885070801,-0.09903684616088859,0.07296274185180707,0.047823820114135884,0.13198096971282708
91.3951416015625,0.007504787445068439,-0.08175184249877887,-0.03511103630065904,0.08928869165043803
91.4257595539093,0.0004743003845215643,-0.0646963310241695,-0.013504590988159038,0.06609246694292126
91.4562087059021,-0.20648160934448234,-0.03983785629272418,-0.03134831428527818,0.21261332648734826
91.4871416091919,0.04286989212036141,0.0023507881164555045,-0.036139097213744975,0.056119410212549486
91.51834440231323,-0.08102766036987297,0.023974399566650817,-0.0141397380828856,0.08567488414144203
91.54994058609009,-0.14813867568969719,0.064377765655518,0.007866296768188619,0.16171407660045953
91.58022117614746,-0.046334896087646404,0.017142276763916442,-0.035354700088500834,0.06075142028341017
91.61058402061462,-0.029533061981201092,-0.04529668807983356,0.06900826454162612,0.08767058957275384
91.64138007164001,-0.043615970611572186,-0.05198194503784137,0.11075631141662612,0.12989009208143382
91.67306852340698,0.004197444915771564,0.0010156440734867545,0.025638017654419087,0.025999192794262865
91.70409846305847,0.001289691925048908,-0.021744747161864808,-0.014761056900024272,0.026313231181303413
91.73579430580139,-0.002396259307861248,-0.014029521942138246,0.006370935440063619,0.015593535935666059
91.7673397064209,-0.09048238754272453,-0.013962764739989808,0.007433805465698384,0.09185468261508468
91.79798436164856,-0.07179132461547844,-0.045554180145263246,-0.013383474349975444,0.08607145290064847
91.82882785797119,-0.12615934371948234,0.07708452224731488,-0.013795461654662944,0.14848743495694358
91.86046504974365,-0.031759891510009686,0.11179254531860394,0.005396280288696431,0.11634166810946917
91.88980793952942,0.0036595726013184393,0.055832843780518004,0.005180749893188619,0.05619198417656937
91.92140364646912,-0.006080303192138592,-0.05151655197143512,-0.03467997550964341,0.06239892559398257
91.95279049873352,-0.04567209243774406,-0.09831907272338825,0.04895344734191909,0.11894965361650613
91.98382139205933,0.08171495437622078,0.018952350616455504,-0.016746606826782084,0.08553931378499438
92.01468515396118,-0.021800670623779217,-0.0068655204772944955,0.027152452468872212,0.0354916931991843
92.0456612110138,-0.030357036590576092,-0.06259634017944293,-0.0757394695281981,0.10284123063652519
92.07665657997131,-0.08005968093872062,-0.03187849044799762,-0.05484112739562974,0.10214372187891194
92.1077995300293,-0.0606619453430175,-0.03634168624877887,-0.012765970230102397,0.07185791374733744
92.13862705230713,0.05854543685913094,-0.017004985809325746,-0.01519879341125474,0.06283105156337794
92.16950845718384,-0.07001939773559562,-0.06862165451049762,-0.013011541366577006,0.09889867408488233
92.20087456703186,-0.06418100357055656,-0.06374647140502887,0.007453355789184712,0.09076544688611482
92.2316586971283,-0.1753489112854003,-0.048796672821044496,0.05042592048645034,0.1888680211795662
92.26296854019165,-0.08191076278686515,-0.08530332565307575,0.05042162895202651,0.12856271268908656
92.29414534568787,-0.16357675552368156,-0.12668134689331012,0.05220261573791518,0.21337907978112075
92.3244297504425,-0.11352315902709953,-0.024369258880614808,-0.03342541694641099,0.12082477772346188
92.35418772697449,-0.027248058319091717,-0.021271724700927308,-0.014271345138549663,0.03739805136603068
92.38630223274231,-0.08911577224731437,0.043335895538330504,-0.05505475044250474,0.11336069094545417
92.41735577583313,-0.06396642684936515,0.04372308731079144,-0.014876451492309428,0.07889690067971815
92.4484121799469,-0.05496946334838859,0.024859409332275817,0.04782143592834487,0.0769839065481109
92.47935175895691,-0.10517087936401359,0.04115961074829144,-0.03474673271179185,0.11816244266811461
92.5102846622467,-0.06520334243774406,0.04304979324340863,-0.015080537796020366,0.07957501607647431
92.54126381874084,-0.06494585037231437,0.1306447792053227,0.005539331436157369,0.1460024178120012
92.57231783866882,-0.028350505828857342,0.006319980621338317,0.005977067947387837,0.029654994133431506
92.60320448875427,0.00917562484741219,-0.0821218681335445,-0.0960651302337645,0.12671504474179004
92.63438725471497,-0.11395994186401359,0.007742862701416442,0.007447156906128072,0.11446519304333014
92.66507720947266,-0.06812826156616203,0.0074090766906742545,-0.07600602149963365,0.10233899425750898
92.69483160972595,-0.10406843185424797,0.013567905426025817,-0.05499514579772935,0.11848541103260495
92.7277889251709,0.03625425338745125,0.02795122146606488,0.0049323177337647905,0.046043125744820335
92.75927114486694,-0.013144168853759686,0.0010003852844242545,0.02735796928405776,0.03036821412136194
92.7901360988617,-0.03677907943725578,-0.13840963363647418,0.05007687568664565,0.15171559196790135
92.82087326049805,-0.04694715499877922,-0.00995923995971637,-0.07588538169860826,0.08978759924732413
92.85122203826904,-0.025633487701415936,0.05446336746215863,0.0255483722686769,0.06539153930468115
92.88261580467224,-0.025356922149658123,0.05746934890747113,-0.014410581588744975,0.06444660135707973
92.91419172286987,0.02372488021850594,0.05317972183227582,0.005024824142456197,0.058448281524808736
92.94517636299133,-0.09913507461547844,-0.02183057785034137,0.007220659255981587,0.10176676799617489
92.9761152267456,0.04069456100463875,0.022078495025635192,-0.036078062057494975,0.05869526215787541
93.00710463523865,-0.08490434646606437,0.057068805694580504,-0.013838853836059428,0.10323328197694337
93.03761291503906,0.05256589889526375,-0.0076704216003413705,-0.05679091453552232,0.07776385450821657
93.06855916976929,-0.02616373062133781,0.080918292999268,0.08823624610900893,0.12254772976008535
93.09973382949829,-0.03951707839965812,0.08884714126586957,-0.05641898155212388,0.11242115226122264
93.13094425201416,-0.03654829025268547,-0.018075008392333558,0.048277292251587056,0.06319161650031292
93.16142630577087,-0.04572549819946281,-0.044669170379638246,0.0485738849639894,0.08028435880349985
93.19242858886719,-0.09480348587036125,-0.07144834518432575,0.0494283771514894,0.12859133497471836
93.2234160900116,-0.0818268394470214,-0.0061025810241694955,0.007638845443725728,0.0824088897435119
93.25430250167847,-0.0531546211242675,0.021691303253174254,0.027604970932006978,0.06370212558339433
93.28530359268188,0.015720691680908283,-0.04178335189819293,0.0059713459014894,0.04504048861468574
93.31633591651917,-0.11160055160522453,-0.006302852630614808,0.007924947738647603,0.11205897494861324
93.34733033180237,-0.03673044204711906,-0.16370298385620075,-0.03268870353698716,0.17092789016228255
93.37816667556763,-0.07597127914428703,0.04520318984985394,-0.014612283706664897,0.08960179943809825
93.40916275978088,-0.00803152084350578,-0.03142072677612262,0.027264509201049947,0.0423688666378221
93.44013404846191,-0.07385793685913078,0.03788660049438519,0.0475663280487062,0.09567102433937681
93.47120261192322,-0.06634298324584953,-0.031147975921630433,0.028040800094604634,0.07847212434947279
93.50309133529663,-0.10962549209594719,-0.04188062667846637,0.049654874801635884,0.12742582940607364
93.53399109840393,-0.06523672103881828,-0.05873968124389606,0.007788572311401509,0.08812968729764699
93.56492280960083,0.05031141281127938,0.07279870986938519,0.06647578239440932,0.11067935698522442
93.59590935707092,-0.1311441993713378,-0.06862928390502887,0.07087603569030776,0.16411030459188125
93.6269121170044,-0.03951993942260734,-0.03113080978393512,0.007261190414428853,0.05082989096982895
93.65781044960022,-0.04106679916381828,0.02856920242309613,0.06838599205017104,0.08473089890553082
93.6887514591217,-0.028093013763427654,-0.028771419525146058,0.027421388626098775,0.04867180454829706
93.71985197067261,-0.05434862136840812,-0.0015592765808101205,0.007487211227417134,0.054884080752673745
93.75081849098206,-0.0895630455017089,-0.04453374862670856,0.04949847221374526,0.11160149030269693
93.78086948394775,-0.06392351150512687,0.023852329254150817,0.028069410324096822,0.07377696612044317
93.8126494884491,-0.09923807144165031,0.054398517608643004,0.026754770278930806,0.11628934290877344
93.84291672706604,-0.08417192459106437,0.02352617263793988,0.09054270744323745,0.12584266192156643
93.87355041503906,-0.10705724716186515,-0.03216650009155231,0.09110775947570815,0.14421013048569095
93.90562605857849,-0.002499256134033123,0.06219194412231488,0.025906000137329244,0.06741813582450898
93.93661904335022,-0.004023227691650311,-0.0051794242858882455,0.027126703262329244,0.027908257324214546
93.96761536598206,-0.057898197174072186,0.03170679092407269,-0.013783063888549663,0.06743511456849792
93.99832677841187,-0.02047983169555656,0.073014240264893,-0.015426244735717631,0.07738521702744072
94.02955436706543,-0.08409181594848625,0.10272691726684613,0.04776373863220229,0.141087305484189
94.06055498123169,-0.0028015708923339044,-0.09612180709838825,0.007866296768188619,0.09648382882208681
94.09146404266357,0.037962284088134846,-0.061453838348388246,0.0686091518402101,0.09962391769635992
94.12243437767029,-0.05575910568237297,0.08369157791137738,0.026205453872680806,0.10392345208117074
94.15340065956116,-0.12830034255981437,-0.13465406417846637,0.07342711448669448,0.19996058622285143
94.18439793586731,-0.09271875381469719,-0.06327344894409137,0.007943544387817525,0.11253175795157645
94.21532702445984,0.03712018966674813,0.05102823257446332,0.046621713638305806,0.07845618639177579
94.24643397331238,0.028854694366455158,0.03363512039184613,0.025449666976928853,0.051103818448254
94.2773048877716,0.02674612045288094,0.04365823745727582,0.02612677574157729,0.05748047553566836
94.30825066566467,-0.03747049331665031,0.015206317901611754,0.06906786918640151,0.08003524553262696
94.33926773071289,-0.029720935821533123,0.1425466346740727,-0.016182508468627788,0.14650853443860684
94.37015986442566,-0.11036458969116203,-0.0056295585632319955,0.00812903404235854,0.11080665946493122
94.4011538028717,0.034017887115478596,-0.021361370086669496,0.005442533493042134,0.040535736660433204
94.4321403503418,-0.035646114349365154,-0.061514873504638246,0.06981936454772963,0.0996467199477656
94.46310305595398,-0.08336988449096672,0.053597431182861754,0.06876412391662612,0.12063053928197388
94.4940824508667,-0.03515306472778312,0.0010652351379398795,-0.1175032520294188,0.12265352389207547
94.52503490447998,0.08713563919067391,-0.07112791061401325,-0.015313711166381694,0.11351787980388697
94.55607271194458,0.008586254119873127,0.05150125503540082,0.04711190223693862,0.07032520431833311
94.58700895309448,-0.035569820404052654,0.01768968582153363,0.027040395736694478,0.048055385854638324
94.61900019645691,-0.002770099639892498,0.00837419509887738,0.047852907180786275,0.04865903124006828
94.64997029304504,-0.11806741714477531,0.05772874832153363,0.027119073867797994,0.13419376863869814
94.68095564842224,-0.07695356369018547,0.01215074539184613,0.06948319435119643,0.10439064074639563
94.71194005012512,-0.0938812828063964,0.017962436676025817,0.027816686630249166,0.09954954770264052
94.74290657043457,-0.11206880569458,-0.07868101119995075,0.00881091117858901,0.1372142517709195
94.77388668060303,-0.05170503616333,-0.035330791473388246,0.006982240676880025,0.06301132656639745
94.8048415184021,-0.044974002838134686,-0.04282667160034137,0.02869645118713393,0.06841250647640089
94.8358199596405,0.004551258087158283,-0.07922651290893512,0.007258806228637837,0.07968842177976986
94.86684703826904,-0.03991476058959953,-0.024308223724364808,-0.0346318149566649,0.05816734875126679
94.89777112007141,-0.07890287399291984,-0.11040975570678668,-0.011857595443725444,0.13622253943192353
94.92881441116333,0.08877405166625985,-0.12246801376342731,-0.03539332389831529,0.15534456546971268
94.95977115631104,-0.04402128219604484,0.02838609695434613,0.04789629936218276,0.07097675168023106
94.99080681800842,-0.0017181968688964044,0.0033540534973148795,0.04751816749572768,0.04766736952565315
95.02168083190918,-0.06726137161254875,0.0021295356750492545,0.04883137702941909,0.08314523688090596
95.05273914337158,0.011242237091064533,-0.06685163497924762,-0.013972845077514506,0.06921538408309595
95.08375525474548,-0.08024183273315422,-0.03215314865112262,0.07032814979553237,0.1114388861314556
95.11479139328003,-0.01700845718383781,0.12299821853637738,-0.015731897354125834,0.12516126386888893
95.14569783210754,-0.017538700103759686,-0.015707988739013246,0.04845467567443862,0.05387209394732694
95.17668437957764,0.06224283218383797,-0.05307867050170856,0.04681340217590346,0.09424972171724035
95.20766186714172,-0.030585918426513592,-0.04028608322143512,0.06934681892395034,0.08583384065850075
95.2386085987091,-0.024616870880126873,0.021218280792236754,0.02711525917053237,0.04232544213108921
95.26959085464478,0.058058109283447346,0.03767869949340863,0.0455836391448976,0.08287518691849538
95.30058813095093,-0.09127870559692375,0.07593820571899457,-0.03446778297424302,0.12363834860766192
95.33159899711609,-0.007362041473388592,-0.02690412521362262,0.04788533210754409,0.055416934588769624
95.36247253417969,-0.013452205657958904,0.058663349151611754,0.025827322006225728,0.06549351824998563
95.39348149299622,0.01810678482055672,-0.21125127792358356,0.029696855545044087,0.21409544906454295
95.42446804046631,-0.07644906997680656,0.046372394561768004,-0.034694280624389506,0.09590908395848041
95.45566892623901,-0.04322591781616203,0.05846307754516644,0.026113424301147603,0.07725491787474442
95.48652005195618,-0.06520334243774406,0.04304979324340863,-0.015080537796020366,0.07957501607647431
95.5175998210907,-0.08175340652465812,0.07581232070922894,0.027716073989868306,0.11488824224922604
95.54863595962524,-0.01005331039428703,0.026734333038330504,0.005444440841674947,0.02907637441234288
95.57958459854126,-0.01964059829711906,-0.036757488250731996,0.06942120552063002,0.08097017858390242
95.6104884147644,-0.05267683029174797,0.020525913238525817,0.04768696784973159,0.07396085766513553
95.64154887199402,0.009263362884521564,-0.03127576828002887,-0.05569895744323716,0.06454732708408564
95.67248177528381,-0.05025735855102531,0.07551858901977582,0.0477198696136476,0.10249900161468721
95.70332598686218,-0.12173429489135734,-0.061629314422606996,-0.011652078628539897,0.13694225748563582
95.73424315452576,-0.06181398391723625,0.016535739898682067,0.09025183677673354,0.11063359952243874
95.76525712013245,-0.10793748855590812,0.018303852081299254,0.02845040321350112,0.11311479956124962
95.79627919197083,-0.006546649932861248,0.016053180694580504,0.04662838935852065,0.04974705951034781
95.82580900192261,0.02801259994506844,0.14611337661743207,0.003461751937866353,0.14881467773277376
95.85815215110779,0.007606830596923908,-0.015328426361083558,0.08863726615905776,0.09027396899765239
95.88893699645996,0.023515071868896564,-0.054289836883544496,0.027350816726684712,0.06517984481001726
95.92113184928894,-0.08029523849487297,-0.009572048187255433,0.09024182319641127,0.12117151515624464
95.95211386680603,0.014921512603759846,-0.07186033248901325,0.027753744125366353,0.07846546524931847
95.98313307762146,-0.0017611122131346857,0.14591310501098675,0.003747377395630025,0.14597184169393693
96.01397848129272,0.02110036849975594,0.09711359024047894,-0.03680333137512193,0.10597528089383945
96.04501032829285,0.04428895950317391,0.062233905792236754,0.04547158241271987,0.08889452047875365
96.07602643966675,-0.02056375503540031,-0.0061903190612788705,0.02735653877258315,0.03477884823929955
96.10697913169861,0.07231458663940438,-0.04156019210815387,-0.015086736679077006,0.08476000609083499
96.13792586326599,-0.021241817474365154,0.07387636184692425,0.06730738639831557,0.10217248119295178
96.16889095306396,-0.08526769638061515,0.04840753555297894,0.04793587684631362,0.10914081653256327
96.19992089271545,-0.08608690261840812,0.0054521369934086295,0.04919234275817885,0.09930038865112428
96.23132705688477,-0.18033185958862297,0.011885623931885192,0.07097569465637221,0.1941607500781134
96.26182961463928,-0.00926748275756828,-0.03209402084350543,0.027060899734497212,0.04299075138917321
96.2928478717804,-0.06442037582397453,-0.013077754974364808,0.06939116477966323,0.09558319018504258
96.32385778427124,0.007973995208740314,-0.0066633415222163705,0.026866350173950337,0.028805997491842344
96.35473656654358,-0.03568616867065422,0.07833383560180707,-0.03680666923522935,0.09361849889136707
96.38578629493713,-0.027069721221923748,-0.13284971237182575,0.11280671119689956,0.176372248314099
96.41676259040833,0.013213481903076252,0.01754472732543988,-0.035926904678344584,0.04210885940860686
96.44769287109375,-0.07905260086059562,-0.011603374481200746,0.027589712142944478,0.08452895491076512
96.47874665260315,0.09864362716674813,0.01314256668090863,0.02491990089416518,0.10258798029081942
96.5085506439209,-0.037889156341552654,-0.08246709823608356,-0.012815561294555522,0.09165505480358944
96.54065155982971,0.022802677154541096,-0.03622724533081012,0.026639852523803853,0.050418817242800854
96.57163596153259,-0.04384103775024406,0.03407571792602582,0.04843512535095229,0.0736827830022378
96.60266041755676,-0.03351655960083,0.06402299880981488,0.08884325981140151,0.11452261330407082
96.63359117507935,-0.029275569915771404,-0.08038045883178668,0.09044829368591323,0.12449486329401299
96.66451120376587,-0.08431974411010734,-0.020325679779052308,-0.013290967941284038,0.0877473779328522
96.69554591178894,-0.025222454071044842,-0.07942678451538043,0.007544908523559712,0.0836762327811639
96.72654104232788,-0.0012899971008299982,-0.04162122726440387,-0.013881292343139506,0.04389397371657081
96.7574462890625,0.013850536346435627,0.06022356033325238,0.08799258232116713,0.10752399322869384
96.78842544555664,0.032937374114990314,0.021813373565674254,0.10907259941101088,0.11600657663331568
96.81944680213928,-0.05275693893432609,-0.05868246078491168,0.09046593666076674,0.12004587250465036
96.85061693191528,-0.03772798538208,0.05029008865356488,0.0476273632049562,0.07887242625677665
96.8813009262085,0.11049398422241219,-0.02947523117065387,-0.01631888389587388,0.11551630089954046
96.9124608039856,-0.1769949531555175,0.030899982452393004,-0.012639131546020366,0.1801159904181737
96.94269847869873,0.07385286331176766,-0.04503156661987262,0.06751194953918471,0.10972670933810093
96.97362518310547,-0.05788389205932609,-0.04184438705444293,0.007181558609008931,0.0717849042066114
97.00429010391235,-0.007164630889892498,-0.00834180831909137,0.06894961357116713,0.06982096328062325
97.03542995452881,0.005554523468017658,-0.058951396942138246,0.08968916893005385,0.10747216828439837
97.06636452674866,-0.10473314285278312,0.01176164627075238,-0.012764062881469584,0.1061616165855715
97.09713864326477,-0.030586872100829998,-0.042990703582763246,0.006486806869506978,0.053158592934875806
97.1283392906189,-0.025195751190185467,0.02505968093872113,0.047535333633422994,0.059349990989292244
97.16033887863159,-0.08169237136840812,0.022164325714111754,0.02809515953063979,0.08918653969746355
97.19216346740723,-0.14065137863159172,-0.05292226791381793,0.09207049369812026,0.1762400424475803
97.22336530685425,0.05401643753051766,-0.06198408126831012,-0.014554109573364116,0.08349625117116503
97.25413870811462,-0.04655996322631828,0.039444904327393004,0.1097315883636476,0.12555776414799008
97.28511953353882,0.004735317230224689,-0.07354452133178668,0.007801923751831197,0.07410863553879452
97.31617307662964,-0.10109678268432609,0.02933214187622113,0.04887619972229018,0.11605954038967163
97.34702610969543,-0.003182086944579998,-0.12036802291870075,-0.013741102218627788,0.12119160246841573
97.37797570228577,0.009049739837646564,0.12388322830200238,0.046229276657104634,0.13253715730275134
97.40889501571655,-0.10147634506225578,0.007800083160400817,0.0901245212554933,0.13594380911257062
97.43988800048828,0.055822696685791096,-0.011631984710692933,0.04609385490417495,0.07332202938756373
97.47085976600647,0.058526363372802814,0.11276720046997113,0.10755721092224135,0.16646420135528095
97.50185370445251,-0.03719583511352531,0.06902788162231488,0.04711714744567885,0.0914789821460357
97.53285765647888,0.01809438705444344,0.035790424346924254,0.02591744422912612,0.04775013333152884
97.56369662284851,0.006402339935302814,-0.05416395187377887,-0.014858808517455913,0.056528823000223764
97.59478330612183,-0.07689634323120109,-0.04149724960327106,0.0698589420318605,0.11187198536174152
97.62569665908813,-0.01482168197631828,0.032433490753174254,0.06803027153015151,0.07680970917474887
97.65672636032104,0.016035404205322346,-0.1278066825866695,0.09064999580383315,0.1575090601872563
97.68767642974854,-0.022856388092040936,-0.0018530082702632455,0.027487192153930806,0.035796561968585335
97.71867108345032,0.02377065658569344,0.027894001007080504,-0.07774504661560044,0.08595005340289129
97.74950885772705,0.04072317123413094,0.0065927314758305045,0.06759253501892104,0.0791870669614731
97.78045463562012,-0.08442655563354484,0.05590341567993207,0.006243143081665181,0.10144955404714927
97.81153416633606,-0.016692790985107342,-0.1281900596618648,0.07044688224792495,0.1472212752472887
97.84251594543457,-0.05525651931762687,0.0006494331359867545,0.048567209243774556,0.07356954875643842
97.87350535392761,-0.06410757064819328,0.01816270828247113,0.02753058433532729,0.07209436635696168
97.90445923805237,0.05973562240600594,0.0062494087219242545,0.004915151596069478,0.06026241290239652
97.93536281585693,-0.1644083595275878,-0.04526807785034137,0.050500307083130025,0.17784709322985173
97.96633553504944,0.06183370590209969,0.027291278839111754,-0.016047563552856303,0.06946758511884855
97.99731707572937,0.01500925064086922,-0.02101423263549762,0.0681199169158937,0.07285052270703009
98.02833104133606,0.07555707931518563,0.028025608062744567,0.06683436393737807,0.10469545904594778
98.05929064750671,0.04490980148315438,0.03581140518188519,0.005141649246215962,0.05766960696353497
98.09030771255493,0.007660236358642658,-0.03790571212768512,0.06872740745544448,0.07886050195455194
98.12130165100098,0.058183040618896564,-0.022963542938231996,0.10943118095397963,0.12604671310636714
98.15225219726562,0.018986072540283283,-0.09926893234252887,0.027995500564575337,0.10487392397918374
98.18410778045654,-0.059602413177490154,-0.04135419845581012,-0.013104524612426616,0.07371801646694297
98.21514534950256,0.04149183273315438,-0.065108318328857,0.06868210792541518,0.10333391141462814
98.24609208106995,0.005578365325927814,0.073899250030518,0.04653540611267104,0.08750863578443988
98.27706098556519,0.05410417556762703,-0.011137981414794496,0.025808248519897603,0.060970338161385605
98.30806303024292,-0.04669729232788078,0.011183719635010192,0.08927908897399917,0.10137291760454231
98.33905982971191,0.002074565887451252,0.08458803176879925,0.005351457595825337,0.08478252792020703
98.37009263038635,-0.07636514663696281,0.097214679718018,0.005668077468872212,0.12375159261906406
98.40092611312866,-0.01924386978149406,0.07368753433227582,-0.01522168159484849,0.07766517128489692
98.43187665939331,0.10585817337036141,0.0017709541320805045,0.0038603878021241655,0.10594334213073615
98.46288323402405,-0.04817548751831047,-0.03899099349975543,0.007055673599243306,0.06237754164492151
98.49289679527283,-0.01864114761352531,0.011879901885986754,0.06870690345764174,0.0721752245296654
98.52465176582336,0.04471334457397469,0.017250995635986754,-0.015923109054565288,0.05050173695416233
98.55582427978516,0.01662954330444344,0.001200656890869567,0.027072343826294087,0.031794576388639556
98.58627915382385,-0.08042589187622062,-0.037833232879638246,0.06978884696960463,0.11300513596981937
98.61717462539673,0.016763057708740314,0.02675340652465863,-0.015327539443969584,0.035095275035631916
98.64869999885559,0.057488765716552814,-0.011998195648192933,-0.014860239028930522,0.06057839207524383
98.67962193489075,-0.12720361709594719,0.05373857498168988,0.06968394279479995,0.15467529384741446
98.71070504188538,0.07368787765502938,-0.015326519012450746,-0.05729016304016099,0.09458841514429672
98.74158239364624,-0.0048271751403807794,-0.037962932586669496,-0.013949956893920756,0.04073189374136894
98.77256035804749,-0.05708566665649406,-0.08780195236206012,0.04931965827941909,0.11576003139687076
98.80359244346619,-0.012478504180908123,0.0055169868469242545,0.04798213005065932,0.04988421608746058
98.83455491065979,0.05207857131958016,0.04701707839965863,0.003991994857788228,0.07027602204787099
98.86550879478455,-0.04981676101684562,0.04341028213501019,0.006843004226684712,0.06643033177771371
98.89642143249512,-0.01553121566772453,-0.08945371627807575,-0.013106431961059428,0.0917331160204739
98.92748379707336,-0.027096424102783123,0.02258012771606488,0.08956280708313002,0.09625785567651948
98.95848631858826,-0.004996929168701092,0.04796312332153363,0.00497189521789565,0.04847834817659728
98.98943614959717,-0.13605085372924797,0.0712594795227055,0.04864684104919448,0.1611032692603403
99.02040195465088,0.035668697357177814,0.10534379959106488,0.004384908676147603,0.11130498419899505
99.05138683319092,-0.0016581153869628107,0.069687824249268,-0.015786733627319194,0.07147281408936743
99.08231163024902,-0.10765043258666984,0.04251764297485394,0.02770462989807143,0.11901223516102624
99.11325907707214,-0.057081851959228436,0.07736490249633832,0.04781666755676284,0.1073783016144192
99.14427709579468,-0.0824514961242675,0.020325641632080504,0.04797259330749526,0.0975333308645419
99.1752405166626,0.025280323028564533,0.06258104324340863,0.10814944267272963,0.12748248372338838
99.2062599658966,-0.017482433319091717,-0.06935789108276325,0.0488337612152101,0.08660767151141459
99.23716831207275,-0.05033842086791984,-0.0063924980163569955,0.027642641067505025,0.057783529241055114
99.268146276474,0.06358655929565438,0.13129137039184613,0.0442251300811769,0.15243535217634302
99.30012464523315,0.018591251373291096,-0.04996015548706012,-0.014580335617065288,0.05526516036910039
99.33136677742004,-0.038002643585205,-0.05018140792846637,0.006481561660766744,0.06328021225240629
99.36201691627502,-0.023822460174560467,0.05128953933715863,0.005332384109497212,0.05680282364880887
99.39298963546753,-0.058709774017333904,0.083512287139893,0.00571957588195815,0.10224408646357906
99.42400240898132,-0.019775066375732342,-0.06502058029174762,0.04896489143371596,0.08376329568943554
99.45499396324158,-0.05156961441040031,-0.0043592643737788705,0.09029427528381362,0.1040744179198086
99.48589158058167,-0.07440057754516594,0.09270380020141644,0.027112874984741353,0.12192025467811574
99.51686525344849,-0.05472913742065422,-0.02310468673706012,0.04873982429504409,0.07684188639237265
99.54786801338196,0.04898389816284188,0.021279315948486754,0.025905046463012837,0.05935741738581658
99.57886123657227,-0.04783121109008781,-0.06571485519409137,0.0695404148101808,0.1069679215442506
99.60984206199646,0.01237234115600594,0.010048847198486754,0.005769643783569478,0.01695119302846898
99.64073610305786,-0.03251234054565422,-0.02999402999877887,-0.05515250205993638,0.07070001843560951
99.67171597480774,0.006611194610595783,-0.06395818710327106,0.08935109138488784,0.11008167478461969
99.70274233818054,0.022929515838623127,0.02039812088012738,-0.036052312850952006,0.04734569984630997
99.73326325416565,-0.07899824142456047,-0.06253911972045856,0.09082118034362807,0.13564789140488992
99.76467418670654,-0.02616373062133781,0.080918292999268,0.08823624610900893,0.12254772976008535
99.79562592506409,0.011008586883545002,0.07272050857543988,0.0045737361907960405,0.07369111490122933
99.82663202285767,-0.01879659652709953,-0.03196813583373981,-0.035130586624145366,0.051082598468006606
99.85752534866333,0.015541400909423908,-0.04475881576538043,0.0682882404327394,0.08311540478362801
99.88849949836731,-0.03615060806274406,0.09508417129516644,0.026493463516235494,0.10511788479264979
99.91948390007019,-0.04504457473754875,-0.0047598075866694955,-0.05506094932556138,0.07129780937855502
99.95039343833923,-0.026642475128173748,0.0793771553039555,0.005299005508422994,0.08389656562983926
99.98138904571533,-0.004978809356689373,0.06354997634887738,0.0883535480499269,0.10894832485891591
100.01245045661926,-0.0322805976867675,0.06469629287719769,0.08904782295227065,0.11470467327709896
100.0433099269867,0.023196544647216877,-0.088240642547607,0.006355676651001119,0.0914597469189422
100.07429027557373,-0.07364622116088859,-0.07062055587768512,0.008734140396118306,0.10240758766913156
100.10527181625366,-0.06894937515258781,0.10440538406372113,0.005676660537719869,0.12524665676290891
100.13621830940247,0.01039632797241219,0.04562662124633832,-0.0359602832794188,0.059017066812938265
100.16716313362122,0.06269678115844735,0.003725986480713317,-0.03745087623596177,0.07312549127169009
100.19824934005737,-0.012947711944579998,-0.06957151412963825,-0.013991441726684428,0.07213597760120452
100.22917437553406,0.07437356948852547,-0.026297588348388246,0.06700507164001479,0.10350203194570302
100.26117038726807,-0.01787343978881828,-0.06253911972045856,0.006937894821167134,0.06541204575492146
100.29212927818298,-0.016531620025634686,0.0045633125305180045,0.13088551521301284,0.13200430437867913
100.32313370704651,0.008643474578857502,-0.0021467399597163705,0.04748717308044448,0.04831510894556784
100.35407042503357,-0.018021259307861248,-0.01454450607299762,0.028376970291137837,0.036627324320140556
100.38503623008728,0.06953462600708016,0.01746080398559613,0.04583016395568862,0.08509023338769978
100.4160315990448,0.005821552276611408,0.02322862625122113,-0.015405740737914897,0.028474486757658853
100.4469861984253,-0.11904588699340812,0.14465044021606488,0.04753485679626479,0.19327502600023122
100.4779748916626,-0.033241901397705,0.117844562530518,0.06689253807067885,0.13952410750863498
100.50833082199097,-0.027657184600829998,0.061806659698486754,-0.014276113510131694,0.06920108713078936
100.53990721702576,-0.07569662094116203,0.09902475357055707,-0.03656300544738755,0.12989508693158958
100.57100009918213,-0.09355703353881828,0.049202899932861754,-0.014047708511352397,0.10663574448001335
100.6018636226654,0.05520662307739266,-0.03872968673706012,0.005559835433960103,0.0676658823663213
100.63210797309875,-0.027297649383544842,0.0040139961242680045,0.06849804878234877,0.07384616790153445
100.66370487213135,0.012340869903564533,-0.09444334030151325,-0.034221258163452006,0.10120739156590179
100.69476127624512,0.005924549102783283,-0.052992839813231996,-0.03494080543518052,0.06375108813190013
100.72575330734253,-0.1252361869812011,0.046517353057861754,0.02826920509338393,0.13655443830836084
100.75665736198425,0.026302661895752033,-0.044211406707763246,0.1306795215606691,0.14044079130084278
100.78771162033081,-0.037108097076415936,0.02386949539184613,0.0072936153411866655,0.044720917965078336
100.81874537467957,-0.0330130195617675,0.09824274063110394,-0.015333738327026225,0.10476936135329698
100.84966802597046,-0.045922908782958904,0.09922502517700238,-0.03684910774230943,0.1153792698619169
100.88043355941772,-0.12084165573120109,0.06322954177856488,0.007172021865844869,0.1365727594032923
100.91162633895874,0.00863870620727547,-0.004853267669677308,-0.015368547439575053,0.018285888067349196
100.94249129295349,0.021612491607666096,-0.059485454559325746,0.006522569656372212,0.06362517593329918
100.9736168384552,-0.10103574752807609,-0.024312038421630433,0.049251947402954244,0.11500022527697648
101.00457286834717,-0.06173387527465812,0.09574029922485394,0.04747334480285659,0.12341391622852961
101.03558659553528,-0.01743570327758781,-0.09193708419799762,0.0289205646514894,0.09794299494795311
101.06657767295837,-0.016969356536865154,0.03396509170532269,0.10890284538269057,0.11533176599823848
101.09747338294983,0.07655271530151375,0.07665918350219769,0.06612006187438979,0.12692049171639452
101.12846064567566,0.0745004081726075,0.030327777862549254,0.004312906265258931,0.08055238102264989
101.15950465202332,-0.04954877853393547,-0.06522085189819293,0.04925099372863784,0.09557458532365874
101.19039106369019,-0.10298028945922844,0.1157541084289555,0.047512445449829244,0.16205365194253374
101.22136092185974,0.017505016326904377,0.11318681716918988,0.02537003517150893,0.11730865211952785
101.25251197814941,-0.07897916793823234,0.07030961990356488,0.047666940689087056,0.11598831343655368
101.28341126441956,-0.06217161178588859,0.125138263702393,0.025486383438110494,0.1420367913438602
101.31442642211914,0.052773799896240314,-0.017468471527099183,0.04741898536682143,0.07306696672368652
101.34540438652039,0.0747140312194825,0.13779352188110394,-0.018013086318969584,0.15777741413839538
101.37622857093811,-0.030456218719482342,-0.014729518890380433,0.02693978309631362,0.04324687154821081
101.4069344997406,-0.054124507904052654,0.07483766555786175,0.005450639724731587,0.09251944668779126
101.4392454624176,-0.0015312767028807794,0.0063333320617680045,-0.014798727035522319,0.0161696699167702
101.47014617919922,-0.01622262954711906,0.06416604995727582,0.005880270004272603,0.06644571658027193
101.5010187625885,-0.05715623855590812,0.11542795181274457,-0.035940732955932475,0.1337242833256354
101.53081798553467,-0.03599039077758781,-0.03478528976440387,0.007333669662475728,0.05058762025471583
101.5623607635498,-0.021856937408447186,0.046784381866455504,0.026772890090942525,0.05816607037891417
101.59388089179993,-0.07618204116821281,-0.06226636886596637,0.007713708877563619,0.09869298553066302
101.62388277053833,0.009815540313720783,-0.07051183700561481,0.04814043998718276,0.08594047912198427
101.65612196922302,-0.03420701980590812,0.07498834609985394,-0.035447683334350444,0.08972129350698003
101.68708109855652,0.020640697479248127,-0.0036230278015132455,0.04722634315490737,0.05166712891835044
101.71798038482666,-0.016740474700927654,0.01436326980590863,0.02667609214782729,0.0346144609232774
101.74897503852844,-0.06304708480834953,0.013152103424072692,0.027192029953003072,0.06990936432462921
101.7788233757019,-0.04831281661987297,-0.06454755783081012,0.049455080032348775,0.09458499041958651
101.80996632575989,-0.044806156158447186,0.0872201728820805,0.02628365516662612,0.10151739120068679
101.8416895866394,0.10203870773315438,-0.01877882003784137,0.004536542892456197,0.10385144283677925
101.87276124954224,0.011315670013427814,0.015055637359619567,0.006104383468628072,0.019798487358614586
101.90376496315002,-0.010293636322021404,0.07469461441040082,0.004526529312133931,0.07553630807937402
101.93472814559937,-0.14205709457397453,-0.023896236419677308,-0.03293522834777818,0.14777001556521724
101.96566987037659,-0.05257383346557609,-0.05570318222045856,0.02815285682678237,0.08160536638151344
101.99660754203796,-0.01735940933227531,-0.012732524871825746,-0.013858404159545756,0.025603156989450804
102.02760529518127,0.06474527359008797,0.05005357742309613,0.024352464675903462,0.08538356751094643
102.05861401557922,-0.01366201400756828,-0.04880620956420856,0.04815760612487807,0.06991317291074214
102.08840227127075,0.06668313980102547,-0.05894758224487262,0.005806360244751119,0.08919177319422995
102.12061810493469,-0.03897825241088859,0.03402994155883832,-0.03595789909362779,0.06301040859042585
102.15164756774902,-0.10645643234252922,0.06576822280883832,0.04781857490539565,0.1339591252006202
102.18256044387817,-0.10503355026245109,0.06942461013793988,-0.014294233322143413,0.12671285759467213
102.21339416503906,-0.012823734283447186,0.03224084854126019,-0.014502611160278178,0.037606464950845395
102.24448347091675,-0.07373491287231437,-0.025458354949950746,0.048557672500610494,0.09188477986980226
102.27552127838135,-0.07716718673706047,-0.09531881332397418,0.09180966377258315,0.15319747140353773
102.30660319328308,-0.024349842071533123,-0.087416667938232,0.0695232486724855,0.11431566274272295
102.3375632762909,-0.03360715866088859,-0.03075696945190387,0.04824009895324721,0.06635163472095144
102.36849331855774,-0.031037006378173748,0.06266496658325238,0.026395711898803853,0.07474575177522526
102.3987193107605,-0.07267919540405265,0.08950326919555707,-0.01546105384826646,0.11632774745249655
102.43015050888062,-0.06684747695922844,0.12545106887817425,-0.01528557777404771,0.1429692440575156
102.46213269233704,-0.01692453384399406,0.00867937088012738,0.026133451461792134,0.03232226183324968
102.49323964118958,-0.06138578414916984,0.06630990982055707,0.04709855079650893,0.10189942160360976
102.52422738075256,-0.007954273223876873,0.05049036026001019,0.047341737747192525,0.06966912569158347
102.55522966384888,0.006951656341552814,0.1001291084289555,0.004332456588745259,0.10046359569894929
102.58613753318787,-0.09045186996459953,0.09052370071411175,0.04742041587829604,0.13647262367647753
102.61719560623169,0.01600870132446297,0.02762315750122113,0.06740609169006362,0.0745848412572045
102.64814472198486,-0.02056375503540031,-0.0061903190612788705,0.02735653877258315,0.03477884823929955
102.67908358573914,-0.0009190177917479669,0.03343484878540082,0.025735769271850728,0.04220264834128427
102.71007895469666,0.015058841705322346,-0.04629995346069293,-0.014649000167846538,0.050843363479276774
102.74100017547607,0.038336124420166096,-0.08385374069213825,0.027123842239380025,0.09610832992748128
102.77195501327515,-0.10948911666870109,0.10365579605102582,-0.056428518295287944,0.1609862366814814
102.80251216888428,-0.16401449203491203,0.06517694473266644,-0.034138765335082866,0.1797616283325202
102.83405089378357,0.04960283279418953,0.04837511062622113,0.06643954277038588,0.09599377684436315
102.86517477035522,-0.11187711715698234,0.15585611343383832,0.046385202407837056,0.19738086138345493
102.89513683319092,-0.001971874237060467,0.038445453643799254,0.026073846817016744,0.04649501781612256
102.92716670036316,-0.03855386734008781,-0.084273357391357,0.02941933631896987,0.09723115139880394
102.95816922187805,-0.030769977569579998,-0.04596998214721637,0.06880370140075698,0.08828352113895535
102.98909783363342,0.001423206329345783,0.0065202522277836295,0.005690965652465962,0.008770763674125225
103.02025985717773,-0.10406747817993156,0.01627824783325238,0.007860097885131978,0.10562576629788384
103.05106353759766,-0.0011297798156737482,-0.0740347099304195,0.04806557655334487,0.08827635202203767
103.08197689056396,-0.020846996307372967,0.06434534072876019,0.046348485946655416,0.08199452590317954
103.11309123039246,-0.055711421966552654,-0.05886175155639606,0.06997624397277846,0.10707540826146773
103.14386796951294,-0.11845746994018547,0.06725976943969769,0.04807845115661635,0.14445617409903386
103.17492866516113,0.004762020111084064,0.02824113845825238,-0.015067663192748881,0.032361600872742216
103.20579552650452,0.03396162033081063,0.03228471755981488,0.005062971115112447,0.04713096985978128
103.23683547973633,0.016111698150634846,-0.048605937957763246,0.0478715038299562,0.07009853708168674
103.26791286468506,-0.07539716720581047,0.041359882354736754,-0.035032835006713725,0.0928583449113015
103.29885268211365,-0.07663599014282219,0.04339311599731488,0.027622613906860494,0.09229867983982569
103.32974672317505,-0.09045186996459953,0.09052370071411175,0.04742041587829604,0.13647262367647753
103.36080980300903,-0.005444202423095623,-0.01153852462768512,0.02637997627258315,0.029303242802621456
103.39172053337097,-0.07702985763549797,-0.06705762863159137,0.11226216316223159,0.1517666557676653
103.4224841594696,0.004762020111084064,0.02824113845825238,-0.015067663192748881,0.032361600872742216
103.45217037200928,0.021248188018798908,0.05183122634887738,0.004616174697876119,0.05620738908499577
103.48452925682068,-0.11030736923217765,-0.05926992416381793,0.008508119583130025,0.1255110661103217
103.51548624038696,0.015059795379638752,-0.043593425750731996,0.04820624351501479,0.06671601096730888
103.54642271995544,-0.014947566986083904,-0.024193782806396058,0.13071909904479995,0.13377687296528779
103.5773766040802,-0.028456363677978436,0.085251789093018,0.08837071418762221,0.12604370394178446
103.60849523544312,-0.06035963058471672,-0.04048635482788043,0.06963292121887221,0.10065373142137439
103.63940644264221,0.021688785552978596,0.01971910476684613,-0.036256399154662944,0.046623738494796736
103.67055344581604,-0.010627422332763592,0.030581455230713317,0.025864992141723775,0.04143869360825071
103.68650317192078,-0.04311910629272453,-0.017762203216552308,0.006579313278198384,0.04709607790253935
103.73346900939941,0.10885747909545906,-0.10953428268432575,0.047831449508667134,0.1616649541498969
103.76433682441711,-0.013345394134521404,-0.017561931610106996,0.006293210983276509,0.022937425552224156
103.79535746574402,0.06460889816284188,0.02449510574340863,0.06675520896911635,0.09607589630967611
103.82631421089172,-0.027248058319091717,-0.021271724700927308,-0.014271345138549663,0.03739805136603068
103.85721278190613,-0.03577962875366203,-0.08977605819702106,0.04936305046081557,0.10852019724430018
103.88816857337952,0.09553464889526375,-0.02817823410034137,-0.036548223495483256,0.1060973828952946
103.91914391517639,-0.02007547378540031,-0.01006605148315387,-0.015420999526977397,0.027242563509714653
103.95009636878967,-0.11925760269165031,0.03447435379028363,0.007005128860473775,0.12433796161820011
103.98113298416138,0.03739389419555672,0.1021432685852055,-0.03818472862243638,0.11528063211288804
104.01209282875061,-0.010189685821533123,0.0011796760559086295,0.047851476669311666,0.04893858551462349
104.04312825202942,0.06695016860961922,-0.0051260185241694955,-0.016144361495971538,0.0690596955602845
104.0739643573761,-0.04230276107788078,0.027895908355713317,0.0681819057464601,0.08494985326074313
104.1049485206604,-0.062262210845947186,-0.04568006515502887,0.04880419731140151,0.09135152394570697
104.13598227500916,-0.1038138008117675,-0.01880933761596637,0.029304418563842916,0.10949815234925951
104.16697907447815,-0.09369436264038078,0.020941715240478942,-0.034500207901000834,0.10201692689457358
104.1979649066925,0.015858020782470783,-0.01352216720581012,0.026427659988403462,0.033656307604100356
104.22908782958984,-0.09409204483032219,-0.08950330734252887,0.050138864517212056,0.1392051028543059
104.25986456871033,-0.006366405487060467,0.02173326492309613,0.047171030044555806,0.052325634238942015
104.2909185886383,-0.03433290481567375,0.018364887237549254,0.027244482040405416,0.04752135559914076
